num_of_row--num_of_col--rank_of_H 
1152      2112      1152    96
no_of_row--degree_of_row--no_of_col 
0    8    78 97 262 354 647 940 960 1056 
1    8    79 98 263 355 648 941 961 1057 
2    8    80 99 264 356 649 942 962 1058 
3    8    81 100 265 357 650 943 963 1059 
4    8    82 101 266 358 651 944 964 1060 
5    8    83 102 267 359 652 945 965 1061 
6    8    84 103 268 360 653 946 966 1062 
7    8    85 104 269 361 654 947 967 1063 
8    8    86 105 270 362 655 948 968 1064 
9    8    87 106 271 363 656 949 969 1065 
10    8    88 107 272 364 657 950 970 1066 
11    8    89 108 273 365 658 951 971 1067 
12    8    90 109 274 366 659 952 972 1068 
13    8    91 110 275 367 660 953 973 1069 
14    8    92 111 276 368 661 954 974 1070 
15    8    93 112 277 369 662 955 975 1071 
16    8    94 113 278 370 663 956 976 1072 
17    8    95 114 279 371 664 957 977 1073 
18    8    0 115 280 372 665 958 978 1074 
19    8    1 116 281 373 666 959 979 1075 
20    8    2 117 282 374 667 864 980 1076 
21    8    3 118 283 375 668 865 981 1077 
22    8    4 119 284 376 669 866 982 1078 
23    8    5 120 285 377 670 867 983 1079 
24    8    6 121 286 378 671 868 984 1080 
25    8    7 122 287 379 576 869 985 1081 
26    8    8 123 192 380 577 870 986 1082 
27    8    9 124 193 381 578 871 987 1083 
28    8    10 125 194 382 579 872 988 1084 
29    8    11 126 195 383 580 873 989 1085 
30    8    12 127 196 288 581 874 990 1086 
31    8    13 128 197 289 582 875 991 1087 
32    8    14 129 198 290 583 876 992 1088 
33    8    15 130 199 291 584 877 993 1089 
34    8    16 131 200 292 585 878 994 1090 
35    8    17 132 201 293 586 879 995 1091 
36    8    18 133 202 294 587 880 996 1092 
37    8    19 134 203 295 588 881 997 1093 
38    8    20 135 204 296 589 882 998 1094 
39    8    21 136 205 297 590 883 999 1095 
40    8    22 137 206 298 591 884 1000 1096 
41    8    23 138 207 299 592 885 1001 1097 
42    8    24 139 208 300 593 886 1002 1098 
43    8    25 140 209 301 594 887 1003 1099 
44    8    26 141 210 302 595 888 1004 1100 
45    8    27 142 211 303 596 889 1005 1101 
46    8    28 143 212 304 597 890 1006 1102 
47    8    29 144 213 305 598 891 1007 1103 
48    8    30 145 214 306 599 892 1008 1104 
49    8    31 146 215 307 600 893 1009 1105 
50    8    32 147 216 308 601 894 1010 1106 
51    8    33 148 217 309 602 895 1011 1107 
52    8    34 149 218 310 603 896 1012 1108 
53    8    35 150 219 311 604 897 1013 1109 
54    8    36 151 220 312 605 898 1014 1110 
55    8    37 152 221 313 606 899 1015 1111 
56    8    38 153 222 314 607 900 1016 1112 
57    8    39 154 223 315 608 901 1017 1113 
58    8    40 155 224 316 609 902 1018 1114 
59    8    41 156 225 317 610 903 1019 1115 
60    8    42 157 226 318 611 904 1020 1116 
61    8    43 158 227 319 612 905 1021 1117 
62    8    44 159 228 320 613 906 1022 1118 
63    8    45 160 229 321 614 907 1023 1119 
64    8    46 161 230 322 615 908 1024 1120 
65    8    47 162 231 323 616 909 1025 1121 
66    8    48 163 232 324 617 910 1026 1122 
67    8    49 164 233 325 618 911 1027 1123 
68    8    50 165 234 326 619 912 1028 1124 
69    8    51 166 235 327 620 913 1029 1125 
70    8    52 167 236 328 621 914 1030 1126 
71    8    53 168 237 329 622 915 1031 1127 
72    8    54 169 238 330 623 916 1032 1128 
73    8    55 170 239 331 624 917 1033 1129 
74    8    56 171 240 332 625 918 1034 1130 
75    8    57 172 241 333 626 919 1035 1131 
76    8    58 173 242 334 627 920 1036 1132 
77    8    59 174 243 335 628 921 1037 1133 
78    8    60 175 244 336 629 922 1038 1134 
79    8    61 176 245 337 630 923 1039 1135 
80    8    62 177 246 338 631 924 1040 1136 
81    8    63 178 247 339 632 925 1041 1137 
82    8    64 179 248 340 633 926 1042 1138 
83    8    65 180 249 341 634 927 1043 1139 
84    8    66 181 250 342 635 928 1044 1140 
85    8    67 182 251 343 636 929 1045 1141 
86    8    68 183 252 344 637 930 1046 1142 
87    8    69 184 253 345 638 931 1047 1143 
88    8    70 185 254 346 639 932 1048 1144 
89    8    71 186 255 347 640 933 1049 1145 
90    8    72 187 256 348 641 934 1050 1146 
91    8    73 188 257 349 642 935 1051 1147 
92    8    74 189 258 350 643 936 1052 1148 
93    8    75 190 259 351 644 937 1053 1149 
94    8    76 191 260 352 645 938 1054 1150 
95    8    77 96 261 353 646 939 1055 1151 
96    10    27 324 432 572 607 763 857 867 1056 1152 
97    10    28 325 433 573 608 764 858 868 1057 1153 
98    10    29 326 434 574 609 765 859 869 1058 1154 
99    10    30 327 435 575 610 766 860 870 1059 1155 
100    10    31 328 436 480 611 767 861 871 1060 1156 
101    10    32 329 437 481 612 672 862 872 1061 1157 
102    10    33 330 438 482 613 673 863 873 1062 1158 
103    10    34 331 439 483 614 674 768 874 1063 1159 
104    10    35 332 440 484 615 675 769 875 1064 1160 
105    10    36 333 441 485 616 676 770 876 1065 1161 
106    10    37 334 442 486 617 677 771 877 1066 1162 
107    10    38 335 443 487 618 678 772 878 1067 1163 
108    10    39 336 444 488 619 679 773 879 1068 1164 
109    10    40 337 445 489 620 680 774 880 1069 1165 
110    10    41 338 446 490 621 681 775 881 1070 1166 
111    10    42 339 447 491 622 682 776 882 1071 1167 
112    10    43 340 448 492 623 683 777 883 1072 1168 
113    10    44 341 449 493 624 684 778 884 1073 1169 
114    10    45 342 450 494 625 685 779 885 1074 1170 
115    10    46 343 451 495 626 686 780 886 1075 1171 
116    10    47 344 452 496 627 687 781 887 1076 1172 
117    10    48 345 453 497 628 688 782 888 1077 1173 
118    10    49 346 454 498 629 689 783 889 1078 1174 
119    10    50 347 455 499 630 690 784 890 1079 1175 
120    10    51 348 456 500 631 691 785 891 1080 1176 
121    10    52 349 457 501 632 692 786 892 1081 1177 
122    10    53 350 458 502 633 693 787 893 1082 1178 
123    10    54 351 459 503 634 694 788 894 1083 1179 
124    10    55 352 460 504 635 695 789 895 1084 1180 
125    10    56 353 461 505 636 696 790 896 1085 1181 
126    10    57 354 462 506 637 697 791 897 1086 1182 
127    10    58 355 463 507 638 698 792 898 1087 1183 
128    10    59 356 464 508 639 699 793 899 1088 1184 
129    10    60 357 465 509 640 700 794 900 1089 1185 
130    10    61 358 466 510 641 701 795 901 1090 1186 
131    10    62 359 467 511 642 702 796 902 1091 1187 
132    10    63 360 468 512 643 703 797 903 1092 1188 
133    10    64 361 469 513 644 704 798 904 1093 1189 
134    10    65 362 470 514 645 705 799 905 1094 1190 
135    10    66 363 471 515 646 706 800 906 1095 1191 
136    10    67 364 472 516 647 707 801 907 1096 1192 
137    10    68 365 473 517 648 708 802 908 1097 1193 
138    10    69 366 474 518 649 709 803 909 1098 1194 
139    10    70 367 475 519 650 710 804 910 1099 1195 
140    10    71 368 476 520 651 711 805 911 1100 1196 
141    10    72 369 477 521 652 712 806 912 1101 1197 
142    10    73 370 478 522 653 713 807 913 1102 1198 
143    10    74 371 479 523 654 714 808 914 1103 1199 
144    10    75 372 384 524 655 715 809 915 1104 1200 
145    10    76 373 385 525 656 716 810 916 1105 1201 
146    10    77 374 386 526 657 717 811 917 1106 1202 
147    10    78 375 387 527 658 718 812 918 1107 1203 
148    10    79 376 388 528 659 719 813 919 1108 1204 
149    10    80 377 389 529 660 720 814 920 1109 1205 
150    10    81 378 390 530 661 721 815 921 1110 1206 
151    10    82 379 391 531 662 722 816 922 1111 1207 
152    10    83 380 392 532 663 723 817 923 1112 1208 
153    10    84 381 393 533 664 724 818 924 1113 1209 
154    10    85 382 394 534 665 725 819 925 1114 1210 
155    10    86 383 395 535 666 726 820 926 1115 1211 
156    10    87 288 396 536 667 727 821 927 1116 1212 
157    10    88 289 397 537 668 728 822 928 1117 1213 
158    10    89 290 398 538 669 729 823 929 1118 1214 
159    10    90 291 399 539 670 730 824 930 1119 1215 
160    10    91 292 400 540 671 731 825 931 1120 1216 
161    10    92 293 401 541 576 732 826 932 1121 1217 
162    10    93 294 402 542 577 733 827 933 1122 1218 
163    10    94 295 403 543 578 734 828 934 1123 1219 
164    10    95 296 404 544 579 735 829 935 1124 1220 
165    10    0 297 405 545 580 736 830 936 1125 1221 
166    10    1 298 406 546 581 737 831 937 1126 1222 
167    10    2 299 407 547 582 738 832 938 1127 1223 
168    10    3 300 408 548 583 739 833 939 1128 1224 
169    10    4 301 409 549 584 740 834 940 1129 1225 
170    10    5 302 410 550 585 741 835 941 1130 1226 
171    10    6 303 411 551 586 742 836 942 1131 1227 
172    10    7 304 412 552 587 743 837 943 1132 1228 
173    10    8 305 413 553 588 744 838 944 1133 1229 
174    10    9 306 414 554 589 745 839 945 1134 1230 
175    10    10 307 415 555 590 746 840 946 1135 1231 
176    10    11 308 416 556 591 747 841 947 1136 1232 
177    10    12 309 417 557 592 748 842 948 1137 1233 
178    10    13 310 418 558 593 749 843 949 1138 1234 
179    10    14 311 419 559 594 750 844 950 1139 1235 
180    10    15 312 420 560 595 751 845 951 1140 1236 
181    10    16 313 421 561 596 752 846 952 1141 1237 
182    10    17 314 422 562 597 753 847 953 1142 1238 
183    10    18 315 423 563 598 754 848 954 1143 1239 
184    10    19 316 424 564 599 755 849 955 1144 1240 
185    10    20 317 425 565 600 756 850 956 1145 1241 
186    10    21 318 426 566 601 757 851 957 1146 1242 
187    10    22 319 427 567 602 758 852 958 1147 1243 
188    10    23 320 428 568 603 759 853 959 1148 1244 
189    10    24 321 429 569 604 760 854 864 1149 1245 
190    10    25 322 430 570 605 761 855 865 1150 1246 
191    10    26 323 431 571 606 762 856 866 1151 1247 
192    8    25 114 309 398 786 961 1152 1248 
193    8    26 115 310 399 787 962 1153 1249 
194    8    27 116 311 400 788 963 1154 1250 
195    8    28 117 312 401 789 964 1155 1251 
196    8    29 118 313 402 790 965 1156 1252 
197    8    30 119 314 403 791 966 1157 1253 
198    8    31 120 315 404 792 967 1158 1254 
199    8    32 121 316 405 793 968 1159 1255 
200    8    33 122 317 406 794 969 1160 1256 
201    8    34 123 318 407 795 970 1161 1257 
202    8    35 124 319 408 796 971 1162 1258 
203    8    36 125 320 409 797 972 1163 1259 
204    8    37 126 321 410 798 973 1164 1260 
205    8    38 127 322 411 799 974 1165 1261 
206    8    39 128 323 412 800 975 1166 1262 
207    8    40 129 324 413 801 976 1167 1263 
208    8    41 130 325 414 802 977 1168 1264 
209    8    42 131 326 415 803 978 1169 1265 
210    8    43 132 327 416 804 979 1170 1266 
211    8    44 133 328 417 805 980 1171 1267 
212    8    45 134 329 418 806 981 1172 1268 
213    8    46 135 330 419 807 982 1173 1269 
214    8    47 136 331 420 808 983 1174 1270 
215    8    48 137 332 421 809 984 1175 1271 
216    8    49 138 333 422 810 985 1176 1272 
217    8    50 139 334 423 811 986 1177 1273 
218    8    51 140 335 424 812 987 1178 1274 
219    8    52 141 336 425 813 988 1179 1275 
220    8    53 142 337 426 814 989 1180 1276 
221    8    54 143 338 427 815 990 1181 1277 
222    8    55 144 339 428 816 991 1182 1278 
223    8    56 145 340 429 817 992 1183 1279 
224    8    57 146 341 430 818 993 1184 1280 
225    8    58 147 342 431 819 994 1185 1281 
226    8    59 148 343 432 820 995 1186 1282 
227    8    60 149 344 433 821 996 1187 1283 
228    8    61 150 345 434 822 997 1188 1284 
229    8    62 151 346 435 823 998 1189 1285 
230    8    63 152 347 436 824 999 1190 1286 
231    8    64 153 348 437 825 1000 1191 1287 
232    8    65 154 349 438 826 1001 1192 1288 
233    8    66 155 350 439 827 1002 1193 1289 
234    8    67 156 351 440 828 1003 1194 1290 
235    8    68 157 352 441 829 1004 1195 1291 
236    8    69 158 353 442 830 1005 1196 1292 
237    8    70 159 354 443 831 1006 1197 1293 
238    8    71 160 355 444 832 1007 1198 1294 
239    8    72 161 356 445 833 1008 1199 1295 
240    8    73 162 357 446 834 1009 1200 1296 
241    8    74 163 358 447 835 1010 1201 1297 
242    8    75 164 359 448 836 1011 1202 1298 
243    8    76 165 360 449 837 1012 1203 1299 
244    8    77 166 361 450 838 1013 1204 1300 
245    8    78 167 362 451 839 1014 1205 1301 
246    8    79 168 363 452 840 1015 1206 1302 
247    8    80 169 364 453 841 1016 1207 1303 
248    8    81 170 365 454 842 1017 1208 1304 
249    8    82 171 366 455 843 1018 1209 1305 
250    8    83 172 367 456 844 1019 1210 1306 
251    8    84 173 368 457 845 1020 1211 1307 
252    8    85 174 369 458 846 1021 1212 1308 
253    8    86 175 370 459 847 1022 1213 1309 
254    8    87 176 371 460 848 1023 1214 1310 
255    8    88 177 372 461 849 1024 1215 1311 
256    8    89 178 373 462 850 1025 1216 1312 
257    8    90 179 374 463 851 1026 1217 1313 
258    8    91 180 375 464 852 1027 1218 1314 
259    8    92 181 376 465 853 1028 1219 1315 
260    8    93 182 377 466 854 1029 1220 1316 
261    8    94 183 378 467 855 1030 1221 1317 
262    8    95 184 379 468 856 1031 1222 1318 
263    8    0 185 380 469 857 1032 1223 1319 
264    8    1 186 381 470 858 1033 1224 1320 
265    8    2 187 382 471 859 1034 1225 1321 
266    8    3 188 383 472 860 1035 1226 1322 
267    8    4 189 288 473 861 1036 1227 1323 
268    8    5 190 289 474 862 1037 1228 1324 
269    8    6 191 290 475 863 1038 1229 1325 
270    8    7 96 291 476 768 1039 1230 1326 
271    8    8 97 292 477 769 1040 1231 1327 
272    8    9 98 293 478 770 1041 1232 1328 
273    8    10 99 294 479 771 1042 1233 1329 
274    8    11 100 295 384 772 1043 1234 1330 
275    8    12 101 296 385 773 1044 1235 1331 
276    8    13 102 297 386 774 1045 1236 1332 
277    8    14 103 298 387 775 1046 1237 1333 
278    8    15 104 299 388 776 1047 1238 1334 
279    8    16 105 300 389 777 1048 1239 1335 
280    8    17 106 301 390 778 1049 1240 1336 
281    8    18 107 302 391 779 1050 1241 1337 
282    8    19 108 303 392 780 1051 1242 1338 
283    8    20 109 304 393 781 1052 1243 1339 
284    8    21 110 305 394 782 1053 1244 1340 
285    8    22 111 306 395 783 1054 1245 1341 
286    8    23 112 307 396 784 1055 1246 1342 
287    8    24 113 308 397 785 960 1247 1343 
288    10    136 271 401 552 603 694 796 954 960 1248 
289    10    137 272 402 553 604 695 797 955 961 1249 
290    10    138 273 403 554 605 696 798 956 962 1250 
291    10    139 274 404 555 606 697 799 957 963 1251 
292    10    140 275 405 556 607 698 800 958 964 1252 
293    10    141 276 406 557 608 699 801 959 965 1253 
294    10    142 277 407 558 609 700 802 864 966 1254 
295    10    143 278 408 559 610 701 803 865 967 1255 
296    10    144 279 409 560 611 702 804 866 968 1256 
297    10    145 280 410 561 612 703 805 867 969 1257 
298    10    146 281 411 562 613 704 806 868 970 1258 
299    10    147 282 412 563 614 705 807 869 971 1259 
300    10    148 283 413 564 615 706 808 870 972 1260 
301    10    149 284 414 565 616 707 809 871 973 1261 
302    10    150 285 415 566 617 708 810 872 974 1262 
303    10    151 286 416 567 618 709 811 873 975 1263 
304    10    152 287 417 568 619 710 812 874 976 1264 
305    10    153 192 418 569 620 711 813 875 977 1265 
306    10    154 193 419 570 621 712 814 876 978 1266 
307    10    155 194 420 571 622 713 815 877 979 1267 
308    10    156 195 421 572 623 714 816 878 980 1268 
309    10    157 196 422 573 624 715 817 879 981 1269 
310    10    158 197 423 574 625 716 818 880 982 1270 
311    10    159 198 424 575 626 717 819 881 983 1271 
312    10    160 199 425 480 627 718 820 882 984 1272 
313    10    161 200 426 481 628 719 821 883 985 1273 
314    10    162 201 427 482 629 720 822 884 986 1274 
315    10    163 202 428 483 630 721 823 885 987 1275 
316    10    164 203 429 484 631 722 824 886 988 1276 
317    10    165 204 430 485 632 723 825 887 989 1277 
318    10    166 205 431 486 633 724 826 888 990 1278 
319    10    167 206 432 487 634 725 827 889 991 1279 
320    10    168 207 433 488 635 726 828 890 992 1280 
321    10    169 208 434 489 636 727 829 891 993 1281 
322    10    170 209 435 490 637 728 830 892 994 1282 
323    10    171 210 436 491 638 729 831 893 995 1283 
324    10    172 211 437 492 639 730 832 894 996 1284 
325    10    173 212 438 493 640 731 833 895 997 1285 
326    10    174 213 439 494 641 732 834 896 998 1286 
327    10    175 214 440 495 642 733 835 897 999 1287 
328    10    176 215 441 496 643 734 836 898 1000 1288 
329    10    177 216 442 497 644 735 837 899 1001 1289 
330    10    178 217 443 498 645 736 838 900 1002 1290 
331    10    179 218 444 499 646 737 839 901 1003 1291 
332    10    180 219 445 500 647 738 840 902 1004 1292 
333    10    181 220 446 501 648 739 841 903 1005 1293 
334    10    182 221 447 502 649 740 842 904 1006 1294 
335    10    183 222 448 503 650 741 843 905 1007 1295 
336    10    184 223 449 504 651 742 844 906 1008 1296 
337    10    185 224 450 505 652 743 845 907 1009 1297 
338    10    186 225 451 506 653 744 846 908 1010 1298 
339    10    187 226 452 507 654 745 847 909 1011 1299 
340    10    188 227 453 508 655 746 848 910 1012 1300 
341    10    189 228 454 509 656 747 849 911 1013 1301 
342    10    190 229 455 510 657 748 850 912 1014 1302 
343    10    191 230 456 511 658 749 851 913 1015 1303 
344    10    96 231 457 512 659 750 852 914 1016 1304 
345    10    97 232 458 513 660 751 853 915 1017 1305 
346    10    98 233 459 514 661 752 854 916 1018 1306 
347    10    99 234 460 515 662 753 855 917 1019 1307 
348    10    100 235 461 516 663 754 856 918 1020 1308 
349    10    101 236 462 517 664 755 857 919 1021 1309 
350    10    102 237 463 518 665 756 858 920 1022 1310 
351    10    103 238 464 519 666 757 859 921 1023 1311 
352    10    104 239 465 520 667 758 860 922 1024 1312 
353    10    105 240 466 521 668 759 861 923 1025 1313 
354    10    106 241 467 522 669 760 862 924 1026 1314 
355    10    107 242 468 523 670 761 863 925 1027 1315 
356    10    108 243 469 524 671 762 768 926 1028 1316 
357    10    109 244 470 525 576 763 769 927 1029 1317 
358    10    110 245 471 526 577 764 770 928 1030 1318 
359    10    111 246 472 527 578 765 771 929 1031 1319 
360    10    112 247 473 528 579 766 772 930 1032 1320 
361    10    113 248 474 529 580 767 773 931 1033 1321 
362    10    114 249 475 530 581 672 774 932 1034 1322 
363    10    115 250 476 531 582 673 775 933 1035 1323 
364    10    116 251 477 532 583 674 776 934 1036 1324 
365    10    117 252 478 533 584 675 777 935 1037 1325 
366    10    118 253 479 534 585 676 778 936 1038 1326 
367    10    119 254 384 535 586 677 779 937 1039 1327 
368    10    120 255 385 536 587 678 780 938 1040 1328 
369    10    121 256 386 537 588 679 781 939 1041 1329 
370    10    122 257 387 538 589 680 782 940 1042 1330 
371    10    123 258 388 539 590 681 783 941 1043 1331 
372    10    124 259 389 540 591 682 784 942 1044 1332 
373    10    125 260 390 541 592 683 785 943 1045 1333 
374    10    126 261 391 542 593 684 786 944 1046 1334 
375    10    127 262 392 543 594 685 787 945 1047 1335 
376    10    128 263 393 544 595 686 788 946 1048 1336 
377    10    129 264 394 545 596 687 789 947 1049 1337 
378    10    130 265 395 546 597 688 790 948 1050 1338 
379    10    131 266 396 547 598 689 791 949 1051 1339 
380    10    132 267 397 548 599 690 792 950 1052 1340 
381    10    133 268 398 549 600 691 793 951 1053 1341 
382    10    134 269 399 550 601 692 794 952 1054 1342 
383    10    135 270 400 551 602 693 795 953 1055 1343 
384    4    72 170 1085 1344 
385    4    73 171 1086 1345 
386    4    74 172 1087 1346 
387    4    75 173 1088 1347 
388    4    76 174 1089 1348 
389    4    77 175 1090 1349 
390    4    78 176 1091 1350 
391    4    79 177 1092 1351 
392    4    80 178 1093 1352 
393    4    81 179 1094 1353 
394    4    82 180 1095 1354 
395    4    83 181 1096 1355 
396    4    84 182 1097 1356 
397    4    85 183 1098 1357 
398    4    86 184 1099 1358 
399    4    87 185 1100 1359 
400    4    88 186 1101 1360 
401    4    89 187 1102 1361 
402    4    90 188 1103 1362 
403    4    91 189 1104 1363 
404    4    92 190 1105 1364 
405    4    93 191 1106 1365 
406    4    94 96 1107 1366 
407    4    95 97 1108 1367 
408    4    0 98 1109 1368 
409    4    1 99 1110 1369 
410    4    2 100 1111 1370 
411    4    3 101 1112 1371 
412    4    4 102 1113 1372 
413    4    5 103 1114 1373 
414    4    6 104 1115 1374 
415    4    7 105 1116 1375 
416    4    8 106 1117 1376 
417    4    9 107 1118 1377 
418    4    10 108 1119 1378 
419    4    11 109 1120 1379 
420    4    12 110 1121 1380 
421    4    13 111 1122 1381 
422    4    14 112 1123 1382 
423    4    15 113 1124 1383 
424    4    16 114 1125 1384 
425    4    17 115 1126 1385 
426    4    18 116 1127 1386 
427    4    19 117 1128 1387 
428    4    20 118 1129 1388 
429    4    21 119 1130 1389 
430    4    22 120 1131 1390 
431    4    23 121 1132 1391 
432    4    24 122 1133 1392 
433    4    25 123 1134 1393 
434    4    26 124 1135 1394 
435    4    27 125 1136 1395 
436    4    28 126 1137 1396 
437    4    29 127 1138 1397 
438    4    30 128 1139 1398 
439    4    31 129 1140 1399 
440    4    32 130 1141 1400 
441    4    33 131 1142 1401 
442    4    34 132 1143 1402 
443    4    35 133 1144 1403 
444    4    36 134 1145 1404 
445    4    37 135 1146 1405 
446    4    38 136 1147 1406 
447    4    39 137 1148 1407 
448    4    40 138 1149 1408 
449    4    41 139 1150 1409 
450    4    42 140 1151 1410 
451    4    43 141 1056 1411 
452    4    44 142 1057 1412 
453    4    45 143 1058 1413 
454    4    46 144 1059 1414 
455    4    47 145 1060 1415 
456    4    48 146 1061 1416 
457    4    49 147 1062 1417 
458    4    50 148 1063 1418 
459    4    51 149 1064 1419 
460    4    52 150 1065 1420 
461    4    53 151 1066 1421 
462    4    54 152 1067 1422 
463    4    55 153 1068 1423 
464    4    56 154 1069 1424 
465    4    57 155 1070 1425 
466    4    58 156 1071 1426 
467    4    59 157 1072 1427 
468    4    60 158 1073 1428 
469    4    61 159 1074 1429 
470    4    62 160 1075 1430 
471    4    63 161 1076 1431 
472    4    64 162 1077 1432 
473    4    65 163 1078 1433 
474    4    66 164 1079 1434 
475    4    67 165 1080 1435 
476    4    68 166 1081 1436 
477    4    69 167 1082 1437 
478    4    70 168 1083 1438 
479    4    71 169 1084 1439 
480    6    10 140 505 752 1104 1440 
481    6    11 141 506 753 1105 1441 
482    6    12 142 507 754 1106 1442 
483    6    13 143 508 755 1107 1443 
484    6    14 144 509 756 1108 1444 
485    6    15 145 510 757 1109 1445 
486    6    16 146 511 758 1110 1446 
487    6    17 147 512 759 1111 1447 
488    6    18 148 513 760 1112 1448 
489    6    19 149 514 761 1113 1449 
490    6    20 150 515 762 1114 1450 
491    6    21 151 516 763 1115 1451 
492    6    22 152 517 764 1116 1452 
493    6    23 153 518 765 1117 1453 
494    6    24 154 519 766 1118 1454 
495    6    25 155 520 767 1119 1455 
496    6    26 156 521 672 1120 1456 
497    6    27 157 522 673 1121 1457 
498    6    28 158 523 674 1122 1458 
499    6    29 159 524 675 1123 1459 
500    6    30 160 525 676 1124 1460 
501    6    31 161 526 677 1125 1461 
502    6    32 162 527 678 1126 1462 
503    6    33 163 528 679 1127 1463 
504    6    34 164 529 680 1128 1464 
505    6    35 165 530 681 1129 1465 
506    6    36 166 531 682 1130 1466 
507    6    37 167 532 683 1131 1467 
508    6    38 168 533 684 1132 1468 
509    6    39 169 534 685 1133 1469 
510    6    40 170 535 686 1134 1470 
511    6    41 171 536 687 1135 1471 
512    6    42 172 537 688 1136 1472 
513    6    43 173 538 689 1137 1473 
514    6    44 174 539 690 1138 1474 
515    6    45 175 540 691 1139 1475 
516    6    46 176 541 692 1140 1476 
517    6    47 177 542 693 1141 1477 
518    6    48 178 543 694 1142 1478 
519    6    49 179 544 695 1143 1479 
520    6    50 180 545 696 1144 1480 
521    6    51 181 546 697 1145 1481 
522    6    52 182 547 698 1146 1482 
523    6    53 183 548 699 1147 1483 
524    6    54 184 549 700 1148 1484 
525    6    55 185 550 701 1149 1485 
526    6    56 186 551 702 1150 1486 
527    6    57 187 552 703 1151 1487 
528    6    58 188 553 704 1056 1488 
529    6    59 189 554 705 1057 1489 
530    6    60 190 555 706 1058 1490 
531    6    61 191 556 707 1059 1491 
532    6    62 96 557 708 1060 1492 
533    6    63 97 558 709 1061 1493 
534    6    64 98 559 710 1062 1494 
535    6    65 99 560 711 1063 1495 
536    6    66 100 561 712 1064 1496 
537    6    67 101 562 713 1065 1497 
538    6    68 102 563 714 1066 1498 
539    6    69 103 564 715 1067 1499 
540    6    70 104 565 716 1068 1500 
541    6    71 105 566 717 1069 1501 
542    6    72 106 567 718 1070 1502 
543    6    73 107 568 719 1071 1503 
544    6    74 108 569 720 1072 1504 
545    6    75 109 570 721 1073 1505 
546    6    76 110 571 722 1074 1506 
547    6    77 111 572 723 1075 1507 
548    6    78 112 573 724 1076 1508 
549    6    79 113 574 725 1077 1509 
550    6    80 114 575 726 1078 1510 
551    6    81 115 480 727 1079 1511 
552    6    82 116 481 728 1080 1512 
553    6    83 117 482 729 1081 1513 
554    6    84 118 483 730 1082 1514 
555    6    85 119 484 731 1083 1515 
556    6    86 120 485 732 1084 1516 
557    6    87 121 486 733 1085 1517 
558    6    88 122 487 734 1086 1518 
559    6    89 123 488 735 1087 1519 
560    6    90 124 489 736 1088 1520 
561    6    91 125 490 737 1089 1521 
562    6    92 126 491 738 1090 1522 
563    6    93 127 492 739 1091 1523 
564    6    94 128 493 740 1092 1524 
565    6    95 129 494 741 1093 1525 
566    6    0 130 495 742 1094 1526 
567    6    1 131 496 743 1095 1527 
568    6    2 132 497 744 1096 1528 
569    6    3 133 498 745 1097 1529 
570    6    4 134 499 746 1098 1530 
571    6    5 135 500 747 1099 1531 
572    6    6 136 501 748 1100 1532 
573    6    7 137 502 749 1101 1533 
574    6    8 138 503 750 1102 1534 
575    6    9 139 504 751 1103 1535 
576    6    33 572 676 913 1144 1536 
577    6    34 573 677 914 1145 1537 
578    6    35 574 678 915 1146 1538 
579    6    36 575 679 916 1147 1539 
580    6    37 480 680 917 1148 1540 
581    6    38 481 681 918 1149 1541 
582    6    39 482 682 919 1150 1542 
583    6    40 483 683 920 1151 1543 
584    6    41 484 684 921 1056 1544 
585    6    42 485 685 922 1057 1545 
586    6    43 486 686 923 1058 1546 
587    6    44 487 687 924 1059 1547 
588    6    45 488 688 925 1060 1548 
589    6    46 489 689 926 1061 1549 
590    6    47 490 690 927 1062 1550 
591    6    48 491 691 928 1063 1551 
592    6    49 492 692 929 1064 1552 
593    6    50 493 693 930 1065 1553 
594    6    51 494 694 931 1066 1554 
595    6    52 495 695 932 1067 1555 
596    6    53 496 696 933 1068 1556 
597    6    54 497 697 934 1069 1557 
598    6    55 498 698 935 1070 1558 
599    6    56 499 699 936 1071 1559 
600    6    57 500 700 937 1072 1560 
601    6    58 501 701 938 1073 1561 
602    6    59 502 702 939 1074 1562 
603    6    60 503 703 940 1075 1563 
604    6    61 504 704 941 1076 1564 
605    6    62 505 705 942 1077 1565 
606    6    63 506 706 943 1078 1566 
607    6    64 507 707 944 1079 1567 
608    6    65 508 708 945 1080 1568 
609    6    66 509 709 946 1081 1569 
610    6    67 510 710 947 1082 1570 
611    6    68 511 711 948 1083 1571 
612    6    69 512 712 949 1084 1572 
613    6    70 513 713 950 1085 1573 
614    6    71 514 714 951 1086 1574 
615    6    72 515 715 952 1087 1575 
616    6    73 516 716 953 1088 1576 
617    6    74 517 717 954 1089 1577 
618    6    75 518 718 955 1090 1578 
619    6    76 519 719 956 1091 1579 
620    6    77 520 720 957 1092 1580 
621    6    78 521 721 958 1093 1581 
622    6    79 522 722 959 1094 1582 
623    6    80 523 723 864 1095 1583 
624    6    81 524 724 865 1096 1584 
625    6    82 525 725 866 1097 1585 
626    6    83 526 726 867 1098 1586 
627    6    84 527 727 868 1099 1587 
628    6    85 528 728 869 1100 1588 
629    6    86 529 729 870 1101 1589 
630    6    87 530 730 871 1102 1590 
631    6    88 531 731 872 1103 1591 
632    6    89 532 732 873 1104 1592 
633    6    90 533 733 874 1105 1593 
634    6    91 534 734 875 1106 1594 
635    6    92 535 735 876 1107 1595 
636    6    93 536 736 877 1108 1596 
637    6    94 537 737 878 1109 1597 
638    6    95 538 738 879 1110 1598 
639    6    0 539 739 880 1111 1599 
640    6    1 540 740 881 1112 1600 
641    6    2 541 741 882 1113 1601 
642    6    3 542 742 883 1114 1602 
643    6    4 543 743 884 1115 1603 
644    6    5 544 744 885 1116 1604 
645    6    6 545 745 886 1117 1605 
646    6    7 546 746 887 1118 1606 
647    6    8 547 747 888 1119 1607 
648    6    9 548 748 889 1120 1608 
649    6    10 549 749 890 1121 1609 
650    6    11 550 750 891 1122 1610 
651    6    12 551 751 892 1123 1611 
652    6    13 552 752 893 1124 1612 
653    6    14 553 753 894 1125 1613 
654    6    15 554 754 895 1126 1614 
655    6    16 555 755 896 1127 1615 
656    6    17 556 756 897 1128 1616 
657    6    18 557 757 898 1129 1617 
658    6    19 558 758 899 1130 1618 
659    6    20 559 759 900 1131 1619 
660    6    21 560 760 901 1132 1620 
661    6    22 561 761 902 1133 1621 
662    6    23 562 762 903 1134 1622 
663    6    24 563 763 904 1135 1623 
664    6    25 564 764 905 1136 1624 
665    6    26 565 765 906 1137 1625 
666    6    27 566 766 907 1138 1626 
667    6    28 567 767 908 1139 1627 
668    6    29 568 672 909 1140 1628 
669    6    30 569 673 910 1141 1629 
670    6    31 570 674 911 1142 1630 
671    6    32 571 675 912 1143 1631 
672    6    176 570 688 1062 1295 1632 
673    6    177 571 689 1063 1296 1633 
674    6    178 572 690 1064 1297 1634 
675    6    179 573 691 1065 1298 1635 
676    6    180 574 692 1066 1299 1636 
677    6    181 575 693 1067 1300 1637 
678    6    182 480 694 1068 1301 1638 
679    6    183 481 695 1069 1302 1639 
680    6    184 482 696 1070 1303 1640 
681    6    185 483 697 1071 1304 1641 
682    6    186 484 698 1072 1305 1642 
683    6    187 485 699 1073 1306 1643 
684    6    188 486 700 1074 1307 1644 
685    6    189 487 701 1075 1308 1645 
686    6    190 488 702 1076 1309 1646 
687    6    191 489 703 1077 1310 1647 
688    6    96 490 704 1078 1311 1648 
689    6    97 491 705 1079 1312 1649 
690    6    98 492 706 1080 1313 1650 
691    6    99 493 707 1081 1314 1651 
692    6    100 494 708 1082 1315 1652 
693    6    101 495 709 1083 1316 1653 
694    6    102 496 710 1084 1317 1654 
695    6    103 497 711 1085 1318 1655 
696    6    104 498 712 1086 1319 1656 
697    6    105 499 713 1087 1320 1657 
698    6    106 500 714 1088 1321 1658 
699    6    107 501 715 1089 1322 1659 
700    6    108 502 716 1090 1323 1660 
701    6    109 503 717 1091 1324 1661 
702    6    110 504 718 1092 1325 1662 
703    6    111 505 719 1093 1326 1663 
704    6    112 506 720 1094 1327 1664 
705    6    113 507 721 1095 1328 1665 
706    6    114 508 722 1096 1329 1666 
707    6    115 509 723 1097 1330 1667 
708    6    116 510 724 1098 1331 1668 
709    6    117 511 725 1099 1332 1669 
710    6    118 512 726 1100 1333 1670 
711    6    119 513 727 1101 1334 1671 
712    6    120 514 728 1102 1335 1672 
713    6    121 515 729 1103 1336 1673 
714    6    122 516 730 1104 1337 1674 
715    6    123 517 731 1105 1338 1675 
716    6    124 518 732 1106 1339 1676 
717    6    125 519 733 1107 1340 1677 
718    6    126 520 734 1108 1341 1678 
719    6    127 521 735 1109 1342 1679 
720    6    128 522 736 1110 1343 1680 
721    6    129 523 737 1111 1248 1681 
722    6    130 524 738 1112 1249 1682 
723    6    131 525 739 1113 1250 1683 
724    6    132 526 740 1114 1251 1684 
725    6    133 527 741 1115 1252 1685 
726    6    134 528 742 1116 1253 1686 
727    6    135 529 743 1117 1254 1687 
728    6    136 530 744 1118 1255 1688 
729    6    137 531 745 1119 1256 1689 
730    6    138 532 746 1120 1257 1690 
731    6    139 533 747 1121 1258 1691 
732    6    140 534 748 1122 1259 1692 
733    6    141 535 749 1123 1260 1693 
734    6    142 536 750 1124 1261 1694 
735    6    143 537 751 1125 1262 1695 
736    6    144 538 752 1126 1263 1696 
737    6    145 539 753 1127 1264 1697 
738    6    146 540 754 1128 1265 1698 
739    6    147 541 755 1129 1266 1699 
740    6    148 542 756 1130 1267 1700 
741    6    149 543 757 1131 1268 1701 
742    6    150 544 758 1132 1269 1702 
743    6    151 545 759 1133 1270 1703 
744    6    152 546 760 1134 1271 1704 
745    6    153 547 761 1135 1272 1705 
746    6    154 548 762 1136 1273 1706 
747    6    155 549 763 1137 1274 1707 
748    6    156 550 764 1138 1275 1708 
749    6    157 551 765 1139 1276 1709 
750    6    158 552 766 1140 1277 1710 
751    6    159 553 767 1141 1278 1711 
752    6    160 554 672 1142 1279 1712 
753    6    161 555 673 1143 1280 1713 
754    6    162 556 674 1144 1281 1714 
755    6    163 557 675 1145 1282 1715 
756    6    164 558 676 1146 1283 1716 
757    6    165 559 677 1147 1284 1717 
758    6    166 560 678 1148 1285 1718 
759    6    167 561 679 1149 1286 1719 
760    6    168 562 680 1150 1287 1720 
761    6    169 563 681 1151 1288 1721 
762    6    170 564 682 1056 1289 1722 
763    6    171 565 683 1057 1290 1723 
764    6    172 566 684 1058 1291 1724 
765    6    173 567 685 1059 1292 1725 
766    6    174 568 686 1060 1293 1726 
767    6    175 569 687 1061 1294 1727 
768    4    22 166 1208 1728 
769    4    23 167 1209 1729 
770    4    24 168 1210 1730 
771    4    25 169 1211 1731 
772    4    26 170 1212 1732 
773    4    27 171 1213 1733 
774    4    28 172 1214 1734 
775    4    29 173 1215 1735 
776    4    30 174 1216 1736 
777    4    31 175 1217 1737 
778    4    32 176 1218 1738 
779    4    33 177 1219 1739 
780    4    34 178 1220 1740 
781    4    35 179 1221 1741 
782    4    36 180 1222 1742 
783    4    37 181 1223 1743 
784    4    38 182 1224 1744 
785    4    39 183 1225 1745 
786    4    40 184 1226 1746 
787    4    41 185 1227 1747 
788    4    42 186 1228 1748 
789    4    43 187 1229 1749 
790    4    44 188 1230 1750 
791    4    45 189 1231 1751 
792    4    46 190 1232 1752 
793    4    47 191 1233 1753 
794    4    48 96 1234 1754 
795    4    49 97 1235 1755 
796    4    50 98 1236 1756 
797    4    51 99 1237 1757 
798    4    52 100 1238 1758 
799    4    53 101 1239 1759 
800    4    54 102 1240 1760 
801    4    55 103 1241 1761 
802    4    56 104 1242 1762 
803    4    57 105 1243 1763 
804    4    58 106 1244 1764 
805    4    59 107 1245 1765 
806    4    60 108 1246 1766 
807    4    61 109 1247 1767 
808    4    62 110 1152 1768 
809    4    63 111 1153 1769 
810    4    64 112 1154 1770 
811    4    65 113 1155 1771 
812    4    66 114 1156 1772 
813    4    67 115 1157 1773 
814    4    68 116 1158 1774 
815    4    69 117 1159 1775 
816    4    70 118 1160 1776 
817    4    71 119 1161 1777 
818    4    72 120 1162 1778 
819    4    73 121 1163 1779 
820    4    74 122 1164 1780 
821    4    75 123 1165 1781 
822    4    76 124 1166 1782 
823    4    77 125 1167 1783 
824    4    78 126 1168 1784 
825    4    79 127 1169 1785 
826    4    80 128 1170 1786 
827    4    81 129 1171 1787 
828    4    82 130 1172 1788 
829    4    83 131 1173 1789 
830    4    84 132 1174 1790 
831    4    85 133 1175 1791 
832    4    86 134 1176 1792 
833    4    87 135 1177 1793 
834    4    88 136 1178 1794 
835    4    89 137 1179 1795 
836    4    90 138 1180 1796 
837    4    91 139 1181 1797 
838    4    92 140 1182 1798 
839    4    93 141 1183 1799 
840    4    94 142 1184 1800 
841    4    95 143 1185 1801 
842    4    0 144 1186 1802 
843    4    1 145 1187 1803 
844    4    2 146 1188 1804 
845    4    3 147 1189 1805 
846    4    4 148 1190 1806 
847    4    5 149 1191 1807 
848    4    6 150 1192 1808 
849    4    7 151 1193 1809 
850    4    8 152 1194 1810 
851    4    9 153 1195 1811 
852    4    10 154 1196 1812 
853    4    11 155 1197 1813 
854    4    12 156 1198 1814 
855    4    13 157 1199 1815 
856    4    14 158 1200 1816 
857    4    15 159 1201 1817 
858    4    16 160 1202 1818 
859    4    17 161 1203 1819 
860    4    18 162 1204 1820 
861    4    19 163 1205 1821 
862    4    20 164 1206 1822 
863    4    21 165 1207 1823 
864    5    124 804 1049 1138 1824 
865    5    125 805 1050 1139 1825 
866    5    126 806 1051 1140 1826 
867    5    127 807 1052 1141 1827 
868    5    128 808 1053 1142 1828 
869    5    129 809 1054 1143 1829 
870    5    130 810 1055 1144 1830 
871    5    131 811 960 1145 1831 
872    5    132 812 961 1146 1832 
873    5    133 813 962 1147 1833 
874    5    134 814 963 1148 1834 
875    5    135 815 964 1149 1835 
876    5    136 816 965 1150 1836 
877    5    137 817 966 1151 1837 
878    5    138 818 967 1056 1838 
879    5    139 819 968 1057 1839 
880    5    140 820 969 1058 1840 
881    5    141 821 970 1059 1841 
882    5    142 822 971 1060 1842 
883    5    143 823 972 1061 1843 
884    5    144 824 973 1062 1844 
885    5    145 825 974 1063 1845 
886    5    146 826 975 1064 1846 
887    5    147 827 976 1065 1847 
888    5    148 828 977 1066 1848 
889    5    149 829 978 1067 1849 
890    5    150 830 979 1068 1850 
891    5    151 831 980 1069 1851 
892    5    152 832 981 1070 1852 
893    5    153 833 982 1071 1853 
894    5    154 834 983 1072 1854 
895    5    155 835 984 1073 1855 
896    5    156 836 985 1074 1856 
897    5    157 837 986 1075 1857 
898    5    158 838 987 1076 1858 
899    5    159 839 988 1077 1859 
900    5    160 840 989 1078 1860 
901    5    161 841 990 1079 1861 
902    5    162 842 991 1080 1862 
903    5    163 843 992 1081 1863 
904    5    164 844 993 1082 1864 
905    5    165 845 994 1083 1865 
906    5    166 846 995 1084 1866 
907    5    167 847 996 1085 1867 
908    5    168 848 997 1086 1868 
909    5    169 849 998 1087 1869 
910    5    170 850 999 1088 1870 
911    5    171 851 1000 1089 1871 
912    5    172 852 1001 1090 1872 
913    5    173 853 1002 1091 1873 
914    5    174 854 1003 1092 1874 
915    5    175 855 1004 1093 1875 
916    5    176 856 1005 1094 1876 
917    5    177 857 1006 1095 1877 
918    5    178 858 1007 1096 1878 
919    5    179 859 1008 1097 1879 
920    5    180 860 1009 1098 1880 
921    5    181 861 1010 1099 1881 
922    5    182 862 1011 1100 1882 
923    5    183 863 1012 1101 1883 
924    5    184 768 1013 1102 1884 
925    5    185 769 1014 1103 1885 
926    5    186 770 1015 1104 1886 
927    5    187 771 1016 1105 1887 
928    5    188 772 1017 1106 1888 
929    5    189 773 1018 1107 1889 
930    5    190 774 1019 1108 1890 
931    5    191 775 1020 1109 1891 
932    5    96 776 1021 1110 1892 
933    5    97 777 1022 1111 1893 
934    5    98 778 1023 1112 1894 
935    5    99 779 1024 1113 1895 
936    5    100 780 1025 1114 1896 
937    5    101 781 1026 1115 1897 
938    5    102 782 1027 1116 1898 
939    5    103 783 1028 1117 1899 
940    5    104 784 1029 1118 1900 
941    5    105 785 1030 1119 1901 
942    5    106 786 1031 1120 1902 
943    5    107 787 1032 1121 1903 
944    5    108 788 1033 1122 1904 
945    5    109 789 1034 1123 1905 
946    5    110 790 1035 1124 1906 
947    5    111 791 1036 1125 1907 
948    5    112 792 1037 1126 1908 
949    5    113 793 1038 1127 1909 
950    5    114 794 1039 1128 1910 
951    5    115 795 1040 1129 1911 
952    5    116 796 1041 1130 1912 
953    5    117 797 1042 1131 1913 
954    5    118 798 1043 1132 1914 
955    5    119 799 1044 1133 1915 
956    5    120 800 1045 1134 1916 
957    5    121 801 1046 1135 1917 
958    5    122 802 1047 1136 1918 
959    5    123 803 1048 1137 1919 
960    5    59 104 598 724 1920 
961    5    60 105 599 725 1921 
962    5    61 106 600 726 1922 
963    5    62 107 601 727 1923 
964    5    63 108 602 728 1924 
965    5    64 109 603 729 1925 
966    5    65 110 604 730 1926 
967    5    66 111 605 731 1927 
968    5    67 112 606 732 1928 
969    5    68 113 607 733 1929 
970    5    69 114 608 734 1930 
971    5    70 115 609 735 1931 
972    5    71 116 610 736 1932 
973    5    72 117 611 737 1933 
974    5    73 118 612 738 1934 
975    5    74 119 613 739 1935 
976    5    75 120 614 740 1936 
977    5    76 121 615 741 1937 
978    5    77 122 616 742 1938 
979    5    78 123 617 743 1939 
980    5    79 124 618 744 1940 
981    5    80 125 619 745 1941 
982    5    81 126 620 746 1942 
983    5    82 127 621 747 1943 
984    5    83 128 622 748 1944 
985    5    84 129 623 749 1945 
986    5    85 130 624 750 1946 
987    5    86 131 625 751 1947 
988    5    87 132 626 752 1948 
989    5    88 133 627 753 1949 
990    5    89 134 628 754 1950 
991    5    90 135 629 755 1951 
992    5    91 136 630 756 1952 
993    5    92 137 631 757 1953 
994    5    93 138 632 758 1954 
995    5    94 139 633 759 1955 
996    5    95 140 634 760 1956 
997    5    0 141 635 761 1957 
998    5    1 142 636 762 1958 
999    5    2 143 637 763 1959 
1000    5    3 144 638 764 1960 
1001    5    4 145 639 765 1961 
1002    5    5 146 640 766 1962 
1003    5    6 147 641 767 1963 
1004    5    7 148 642 672 1964 
1005    5    8 149 643 673 1965 
1006    5    9 150 644 674 1966 
1007    5    10 151 645 675 1967 
1008    5    11 152 646 676 1968 
1009    5    12 153 647 677 1969 
1010    5    13 154 648 678 1970 
1011    5    14 155 649 679 1971 
1012    5    15 156 650 680 1972 
1013    5    16 157 651 681 1973 
1014    5    17 158 652 682 1974 
1015    5    18 159 653 683 1975 
1016    5    19 160 654 684 1976 
1017    5    20 161 655 685 1977 
1018    5    21 162 656 686 1978 
1019    5    22 163 657 687 1979 
1020    5    23 164 658 688 1980 
1021    5    24 165 659 689 1981 
1022    5    25 166 660 690 1982 
1023    5    26 167 661 691 1983 
1024    5    27 168 662 692 1984 
1025    5    28 169 663 693 1985 
1026    5    29 170 664 694 1986 
1027    5    30 171 665 695 1987 
1028    5    31 172 666 696 1988 
1029    5    32 173 667 697 1989 
1030    5    33 174 668 698 1990 
1031    5    34 175 669 699 1991 
1032    5    35 176 670 700 1992 
1033    5    36 177 671 701 1993 
1034    5    37 178 576 702 1994 
1035    5    38 179 577 703 1995 
1036    5    39 180 578 704 1996 
1037    5    40 181 579 705 1997 
1038    5    41 182 580 706 1998 
1039    5    42 183 581 707 1999 
1040    5    43 184 582 708 2000 
1041    5    44 185 583 709 2001 
1042    5    45 186 584 710 2002 
1043    5    46 187 585 711 2003 
1044    5    47 188 586 712 2004 
1045    5    48 189 587 713 2005 
1046    5    49 190 588 714 2006 
1047    5    50 191 589 715 2007 
1048    5    51 96 590 716 2008 
1049    5    52 97 591 717 2009 
1050    5    53 98 592 718 2010 
1051    5    54 99 593 719 2011 
1052    5    55 100 594 720 2012 
1053    5    56 101 595 721 2013 
1054    5    57 102 596 722 2014 
1055    5    58 103 597 723 2015 
1056    5    32 764 942 1306 2016 
1057    5    33 765 943 1307 2017 
1058    5    34 766 944 1308 2018 
1059    5    35 767 945 1309 2019 
1060    5    36 672 946 1310 2020 
1061    5    37 673 947 1311 2021 
1062    5    38 674 948 1312 2022 
1063    5    39 675 949 1313 2023 
1064    5    40 676 950 1314 2024 
1065    5    41 677 951 1315 2025 
1066    5    42 678 952 1316 2026 
1067    5    43 679 953 1317 2027 
1068    5    44 680 954 1318 2028 
1069    5    45 681 955 1319 2029 
1070    5    46 682 956 1320 2030 
1071    5    47 683 957 1321 2031 
1072    5    48 684 958 1322 2032 
1073    5    49 685 959 1323 2033 
1074    5    50 686 864 1324 2034 
1075    5    51 687 865 1325 2035 
1076    5    52 688 866 1326 2036 
1077    5    53 689 867 1327 2037 
1078    5    54 690 868 1328 2038 
1079    5    55 691 869 1329 2039 
1080    5    56 692 870 1330 2040 
1081    5    57 693 871 1331 2041 
1082    5    58 694 872 1332 2042 
1083    5    59 695 873 1333 2043 
1084    5    60 696 874 1334 2044 
1085    5    61 697 875 1335 2045 
1086    5    62 698 876 1336 2046 
1087    5    63 699 877 1337 2047 
1088    5    64 700 878 1338 2048 
1089    5    65 701 879 1339 2049 
1090    5    66 702 880 1340 2050 
1091    5    67 703 881 1341 2051 
1092    5    68 704 882 1342 2052 
1093    5    69 705 883 1343 2053 
1094    5    70 706 884 1248 2054 
1095    5    71 707 885 1249 2055 
1096    5    72 708 886 1250 2056 
1097    5    73 709 887 1251 2057 
1098    5    74 710 888 1252 2058 
1099    5    75 711 889 1253 2059 
1100    5    76 712 890 1254 2060 
1101    5    77 713 891 1255 2061 
1102    5    78 714 892 1256 2062 
1103    5    79 715 893 1257 2063 
1104    5    80 716 894 1258 2064 
1105    5    81 717 895 1259 2065 
1106    5    82 718 896 1260 2066 
1107    5    83 719 897 1261 2067 
1108    5    84 720 898 1262 2068 
1109    5    85 721 899 1263 2069 
1110    5    86 722 900 1264 2070 
1111    5    87 723 901 1265 2071 
1112    5    88 724 902 1266 2072 
1113    5    89 725 903 1267 2073 
1114    5    90 726 904 1268 2074 
1115    5    91 727 905 1269 2075 
1116    5    92 728 906 1270 2076 
1117    5    93 729 907 1271 2077 
1118    5    94 730 908 1272 2078 
1119    5    95 731 909 1273 2079 
1120    5    0 732 910 1274 2080 
1121    5    1 733 911 1275 2081 
1122    5    2 734 912 1276 2082 
1123    5    3 735 913 1277 2083 
1124    5    4 736 914 1278 2084 
1125    5    5 737 915 1279 2085 
1126    5    6 738 916 1280 2086 
1127    5    7 739 917 1281 2087 
1128    5    8 740 918 1282 2088 
1129    5    9 741 919 1283 2089 
1130    5    10 742 920 1284 2090 
1131    5    11 743 921 1285 2091 
1132    5    12 744 922 1286 2092 
1133    5    13 745 923 1287 2093 
1134    5    14 746 924 1288 2094 
1135    5    15 747 925 1289 2095 
1136    5    16 748 926 1290 2096 
1137    5    17 749 927 1291 2097 
1138    5    18 750 928 1292 2098 
1139    5    19 751 929 1293 2099 
1140    5    20 752 930 1294 2100 
1141    5    21 753 931 1295 2101 
1142    5    22 754 932 1296 2102 
1143    5    23 755 933 1297 2103 
1144    5    24 756 934 1298 2104 
1145    5    25 757 935 1299 2105 
1146    5    26 758 936 1300 2106 
1147    5    27 759 937 1301 2107 
1148    5    28 760 938 1302 2108 
1149    5    29 761 939 1303 2109 
1150    5    30 762 940 1304 2110 
1151    5    31 763 941 1305 2111 
