number_of_bits_per_constellation_point
6
number_of_symbols_per_constallation_point
2
"decimal_expression"____"binary_expression"____"symbol(real_image_..._real_image)"

0                    0 0 0 0 0 0      -1.0801234497   1.0801234497  

1                    0 0 0 0 0 1      -1.0801234497   0.7715167498  

2                    0 0 0 0 1 0      -1.0801234497   0.1543033500  

3                    0 0 0 0 1 1      -1.0801234497   0.4629100499  

4                    0 0 0 1 0 0      -1.0801234497  -1.0801234497  

5                    0 0 0 1 0 1      -1.0801234497  -0.7715167498  

6                    0 0 0 1 1 0      -1.0801234497  -0.1543033500  

7                    0 0 0 1 1 1      -1.0801234497  -0.4629100499  

8                    0 0 1 0 0 0      -0.7715167498   1.0801234497  

9                    0 0 1 0 0 1      -0.7715167498   0.7715167498  

10                   0 0 1 0 1 0      -0.7715167498   0.1543033500  

11                   0 0 1 0 1 1      -0.7715167498   0.4629100499  

12                   0 0 1 1 0 0      -0.7715167498  -1.0801234497  

13                   0 0 1 1 0 1      -0.7715167498  -0.7715167498  

14                   0 0 1 1 1 0      -0.7715167498  -0.1543033500  

15                   0 0 1 1 1 1      -0.7715167498  -0.4629100499  

16                   0 1 0 0 0 0      -0.1543033500   1.0801234497  

17                   0 1 0 0 0 1      -0.1543033500   0.7715167498  

18                   0 1 0 0 1 0      -0.1543033500   0.1543033500  

19                   0 1 0 0 1 1      -0.1543033500   0.4629100499 
20                   0 1 0 1 0 0      -0.1543033500  -1.0801234497  

21                   0 1 0 1 0 1      -0.1543033500  -0.7715167498  

22                   0 1 0 1 1 0      -0.1543033500  -0.1543033500 
 23                   0 1 0 1 1 1      -0.1543033500  -0.4629100499  

24                   0 1 1 0 0 0      -0.4629100499   1.0801234497  

25                   0 1 1 0 0 1      -0.4629100499   0.7715167498  

26                   0 1 1 0 1 0      -0.4629100499   0.1543033500  

27                   0 1 1 0 1 1      -0.4629100499   0.4629100499  

28                   0 1 1 1 0 0      -0.4629100499  -1.0801234497  

29                   0 1 1 1 0 1      -0.4629100499  -0.7715167498  

30                   0 1 1 1 1 0      -0.4629100499  -0.1543033500  

31                   0 1 1 1 1 1      -0.4629100499  -0.4629100499  

32                   1 0 0 0 0 0       1.0801234497   1.0801234497  

33                   1 0 0 0 0 1       1.0801234497   0.7715167498  

34                   1 0 0 0 1 0       1.0801234497   0.1543033500  

35                   1 0 0 0 1 1       1.0801234497   0.4629100499  

36                   1 0 0 1 0 0       1.0801234497  -1.0801234497  

37                   1 0 0 1 0 1       1.0801234497  -0.7715167498  

38                   1 0 0 1 1 0       1.0801234497  -0.1543033500  

39                   1 0 0 1 1 1       1.0801234497  -0.4629100499  

40                   1 0 1 0 0 0       0.7715167498   1.0801234497  

41                   1 0 1 0 0 1       0.7715167498   0.7715167498  

42                   1 0 1 0 1 0       0.7715167498   0.1543033500  

43                   1 0 1 0 1 1       0.7715167498   0.4629100499  

44                   1 0 1 1 0 0       0.7715167498  -1.0801234497  

45                   1 0 1 1 0 1       0.7715167498  -0.7715167498  

46                   1 0 1 1 1 0       0.7715167498  -0.1543033500  

47                   1 0 1 1 1 1       0.7715167498  -0.4629100499  

48                   1 1 0 0 0 0       0.1543033500   1.0801234497  

49                   1 1 0 0 0 1       0.1543033500   0.7715167498  

50                   1 1 0 0 1 0       0.1543033500   0.1543033500  

51                   1 1 0 0 1 1       0.1543033500   0.4629100499  

52                   1 1 0 1 0 0       0.1543033500  -1.0801234497  

53                   1 1 0 1 0 1       0.1543033500  -0.7715167498  

54                   1 1 0 1 1 0       0.1543033500  -0.1543033500  

55                   1 1 0 1 1 1       0.1543033500  -0.4629100499  

56                   1 1 1 0 0 0       0.4629100499   1.0801234497  

57                   1 1 1 0 0 1       0.4629100499   0.7715167498  

58                   1 1 1 0 1 0       0.4629100499   0.1543033500  

59                   1 1 1 0 1 1       0.4629100499   0.4629100499  

60                   1 1 1 1 0 0       0.4629100499  -1.0801234497  

61                   1 1 1 1 0 1       0.4629100499  -0.7715167498  

62                   1 1 1 1 1 0       0.4629100499  -0.1543033500  

63                   1 1 1 1 1 1       0.4629100499  -0.4629100499  
