num_of_row--num_of_col--rank_of_H
1152	2304	1152
no_of_row--degree_of_row--no_of_col
0 6 0 384 768 1152 1536 1920 
1 6 1 385 769 1153 1537 1921 
2 6 2 386 770 1154 1538 1922 
3 6 3 387 771 1155 1539 1923 
4 6 4 388 772 1156 1540 1924 
5 6 5 389 773 1157 1541 1925 
6 6 6 390 774 1158 1542 1926 
7 6 7 391 775 1159 1543 1927 
8 6 8 392 776 1160 1544 1928 
9 6 9 393 777 1161 1545 1929 
10 6 10 394 778 1162 1546 1930 
11 6 11 395 779 1163 1547 1931 
12 6 12 396 780 1164 1548 1932 
13 6 13 397 781 1165 1549 1933 
14 6 14 398 782 1166 1550 1934 
15 6 15 399 783 1167 1551 1935 
16 6 16 400 784 1168 1552 1936 
17 6 17 401 785 1169 1553 1937 
18 6 18 402 786 1170 1554 1938 
19 6 6 403 787 1171 1555 1939 
20 6 19 404 788 1172 1556 1940 
21 6 20 405 789 1173 1557 1941 
22 6 21 406 790 1174 1558 1942 
23 6 22 407 791 1175 1559 1943 
24 6 23 408 792 1153 1560 1944 
25 6 24 409 793 1176 1561 1945 
26 6 25 400 794 1177 1562 1946 
27 6 26 410 795 1178 1550 1947 
28 6 27 411 796 1179 1563 1948 
29 6 28 412 797 1180 1564 1949 
30 6 27 413 798 1181 1565 1950 
31 6 28 414 799 1182 1566 1951 
32 6 29 415 800 1183 1567 1952 
33 6 30 416 801 1184 1568 1953 
34 6 31 417 802 1185 1569 1928 
35 6 32 418 803 1186 1570 1954 
36 6 33 419 804 1187 1571 1955 
37 6 34 420 805 1188 1572 1956 
38 6 35 421 786 1189 1567 1957 
39 6 36 422 806 1190 1568 1958 
40 6 37 423 807 1191 1573 1959 
41 6 38 424 808 1192 1574 1960 
42 6 39 425 809 1193 1575 1961 
43 6 40 426 810 1194 1576 1962 
44 6 41 427 811 1195 1577 1963 
45 6 42 428 798 1196 1578 1964 
46 6 43 429 812 1197 1579 1965 
47 6 44 430 813 1198 1580 1966 
48 6 45 431 814 1177 1581 1967 
49 6 46 424 815 1199 1582 1968 
50 6 47 432 816 1200 1583 1969 
51 6 48 433 817 1201 1584 1970 
52 6 49 434 818 1202 1585 1971 
53 6 50 435 819 1203 1586 1972 
54 6 51 436 820 1204 1577 1923 
55 6 52 437 821 1205 1587 1973 
56 6 53 438 822 1206 1588 1974 
57 6 54 439 823 1207 1584 1962 
58 6 2 440 824 1208 1589 1975 
59 6 55 441 825 1209 1555 1976 
60 6 56 442 826 1210 1590 1977 
61 6 57 443 827 1211 1591 1978 
62 6 58 429 828 1212 1559 1979 
63 6 59 409 829 1213 1592 1980 
64 6 39 444 830 1214 1580 1981 
65 6 60 445 831 1215 1593 1982 
66 6 61 446 768 1216 1594 1983 
67 6 62 447 832 1217 1595 1984 
68 6 63 393 833 1218 1596 1985 
69 6 64 448 834 1219 1597 1986 
70 6 65 449 835 1220 1598 1987 
71 6 66 450 836 1221 1599 1988 
72 6 67 434 837 1208 1600 1989 
73 6 68 451 838 1222 1601 1990 
74 6 69 386 839 1223 1559 1991 
75 6 67 452 840 1159 1602 1992 
76 6 70 453 841 1224 1603 1993 
77 6 71 454 842 1201 1604 1994 
78 6 72 455 843 1225 1605 1995 
79 6 73 456 844 1226 1606 1996 
80 6 74 457 845 1227 1607 1997 
81 6 75 458 846 1228 1608 1998 
82 6 76 459 847 1229 1609 1959 
83 6 77 460 848 1230 1610 1999 
84 6 3 437 849 1231 1611 1921 
85 6 14 461 850 1232 1608 2000 
86 6 78 462 851 1161 1612 2001 
87 6 79 463 852 1233 1613 2002 
88 6 80 404 784 1215 1614 2003 
89 6 81 464 853 1234 1615 1938 
90 6 82 465 854 1235 1616 1959 
91 6 83 466 855 1236 1617 2004 
92 6 84 467 856 1202 1618 2005 
93 6 85 455 857 1237 1619 2006 
94 6 86 439 858 1238 1620 2007 
95 6 87 468 769 1239 1621 2008 
96 6 88 469 859 1240 1622 2009 
97 6 89 470 860 1241 1623 2010 
98 6 90 471 861 1242 1624 2011 
99 6 91 472 806 1243 1625 2012 
100 6 92 473 862 1167 1626 2013 
101 6 93 474 863 1168 1627 2014 
102 6 94 475 864 1244 1628 2015 
103 6 46 476 865 1218 1629 2016 
104 6 95 477 866 1245 1630 1933 
105 6 96 478 867 1246 1631 2017 
106 6 97 479 868 1247 1632 2018 
107 6 98 405 861 1248 1633 2019 
108 6 99 402 869 1249 1583 2020 
109 6 0 418 870 1250 1634 2021 
110 6 100 480 871 1181 1635 1970 
111 6 101 481 872 1251 1636 2022 
112 6 75 482 873 1170 1637 2023 
113 6 102 483 874 1191 1638 2024 
114 6 103 484 875 1252 1639 2025 
115 6 70 413 876 1253 1640 2026 
116 6 104 485 877 1254 1641 2027 
117 6 105 467 878 1255 1544 2028 
118 6 106 486 879 1256 1642 2029 
119 6 107 487 880 1214 1643 1948 
120 6 108 419 881 1257 1644 2027 
121 6 0 488 882 1258 1645 2030 
122 6 109 489 883 1259 1646 2031 
123 6 34 490 881 1260 1561 2032 
124 6 110 491 884 1261 1647 2019 
125 6 111 492 885 1262 1571 2033 
126 6 68 493 886 1187 1648 2034 
127 6 112 494 887 1263 1649 2035 
128 6 113 495 878 1264 1650 2036 
129 6 114 496 888 1265 1651 2037 
130 6 115 497 889 1207 1652 2038 
131 6 116 419 890 1266 1653 2039 
132 6 117 403 891 1267 1536 2040 
133 6 118 498 860 1192 1647 2041 
134 6 119 499 797 1268 1654 2042 
135 6 120 500 892 1175 1592 2043 
136 6 121 501 781 1269 1655 2044 
137 6 122 450 893 1269 1656 2045 
138 6 123 436 894 1270 1657 2046 
139 6 124 502 810 1271 1658 1981 
140 6 125 503 895 1272 1659 2047 
141 6 126 504 896 1273 1563 2048 
142 6 127 505 897 1274 1660 2049 
143 6 128 441 898 1275 1661 2020 
144 6 129 506 899 1276 1611 1987 
145 6 130 448 891 1277 1662 2050 
146 6 131 507 900 1278 1663 2051 
147 6 132 508 901 1279 1664 2052 
148 6 133 509 902 1280 1665 2053 
149 6 134 506 824 1281 1666 2013 
150 6 135 510 903 1232 1657 2054 
151 6 136 511 904 1282 1667 2055 
152 6 137 512 905 1283 1592 2048 
153 6 138 513 906 1284 1668 2056 
154 6 139 514 774 1285 1614 2057 
155 6 140 515 907 1184 1669 2058 
156 6 141 516 908 1286 1670 2059 
157 6 76 517 909 1287 1607 2060 
158 6 142 518 834 1180 1671 2023 
159 6 143 519 866 1288 1672 2061 
160 6 144 504 910 1248 1673 2062 
161 6 11 520 911 1289 1674 1975 
162 6 110 521 912 1290 1675 2063 
163 6 145 522 884 1291 1676 2064 
164 6 146 523 913 1292 1677 2065 
165 6 147 524 877 1164 1678 2066 
166 6 148 479 914 1232 1636 2067 
167 6 149 506 915 1293 1679 2068 
168 6 150 525 916 1294 1583 2069 
169 6 151 522 917 1295 1680 2008 
170 6 101 406 918 1296 1681 2070 
171 6 7 526 919 1297 1560 2071 
172 6 152 527 920 1298 1682 2072 
173 6 153 448 921 1242 1683 2073 
174 6 154 528 922 1299 1684 2074 
175 6 155 529 923 1300 1685 2075 
176 6 24 530 924 1301 1686 2076 
177 6 156 531 820 1302 1545 2077 
178 6 157 532 925 1303 1563 2078 
179 6 116 533 926 1304 1687 2079 
180 6 158 488 927 1243 1688 2080 
181 6 159 534 928 1277 1689 2081 
182 6 160 535 929 1226 1684 2082 
183 6 131 536 930 1305 1690 2083 
184 6 59 483 868 1306 1691 2084 
185 6 161 537 931 1307 1692 2085 
186 6 162 538 932 1308 1693 2086 
187 6 163 539 933 1309 1685 2014 
188 6 82 484 934 1173 1694 2031 
189 6 164 540 805 1310 1625 2087 
190 6 165 541 832 1231 1687 2045 
191 6 113 542 935 1288 1695 2088 
192 6 123 543 773 1311 1696 2089 
193 6 102 544 936 1312 1643 2090 
194 6 166 545 937 1162 1697 2091 
195 6 167 546 938 1211 1698 2092 
196 6 100 547 939 1313 1562 2036 
197 6 168 548 940 1314 1699 2093 
198 6 169 549 941 1315 1569 2094 
199 6 170 550 787 1203 1700 2095 
200 6 171 537 895 1302 1701 1988 
201 6 172 435 942 1316 1702 1989 
202 6 173 551 943 1317 1594 2096 
203 6 171 552 944 1219 1703 2097 
204 6 174 553 945 1318 1704 2092 
205 6 175 548 946 1185 1705 2098 
206 6 176 554 808 1319 1619 2099 
207 6 177 555 790 1320 1706 1989 
208 6 176 556 947 1196 1558 2100 
209 6 178 480 943 1321 1707 2101 
210 6 179 557 948 1322 1669 2102 
211 6 180 558 949 1323 1686 2005 
212 6 181 559 923 1324 1708 2103 
213 6 55 560 950 1277 1709 2104 
214 6 182 561 883 1325 1710 2105 
215 6 60 562 951 1326 1711 1977 
216 6 114 563 952 1327 1712 2106 
217 6 54 564 953 1328 1653 2107 
218 6 2 565 851 1329 1713 2108 
219 6 181 566 953 1208 1714 2019 
220 6 1 567 954 1330 1715 2109 
221 6 183 568 955 1322 1716 2110 
222 6 184 459 956 1331 1717 2111 
223 6 185 569 957 1332 1718 2092 
224 6 186 467 958 1281 1719 2112 
225 6 187 395 959 1296 1720 2113 
226 6 188 420 960 1282 1721 2114 
227 6 189 570 961 1333 1722 2115 
228 6 152 571 962 1334 1723 1963 
229 6 150 464 963 1243 1724 2048 
230 6 190 547 964 1335 1725 2116 
231 6 191 572 870 1249 1726 2117 
232 6 192 573 911 1336 1565 1934 
233 6 193 417 965 1176 1573 1940 
234 6 142 574 966 1337 1603 2068 
235 6 194 575 967 1255 1727 1949 
236 6 195 576 968 1225 1626 2118 
237 6 45 577 969 1338 1680 2119 
238 6 160 550 970 1339 1728 2077 
239 6 196 578 971 1340 1729 2120 
240 6 197 579 906 1341 1730 2121 
241 6 198 580 955 1342 1731 2122 
242 6 199 581 972 1343 1709 2090 
243 6 200 440 973 1344 1732 1941 
244 6 161 582 974 1345 1733 2123 
245 6 162 428 975 1346 1725 2091 
246 6 201 583 948 1327 1734 2068 
247 6 147 584 976 1347 1688 1988 
248 6 169 585 945 1348 1735 2041 
249 6 10 586 977 1349 1549 2108 
250 6 150 444 978 1272 1736 2032 
251 6 202 587 979 1350 1737 2124 
252 6 203 588 980 1351 1658 1975 
253 6 204 529 981 1158 1738 2125 
254 6 205 510 768 1352 1739 2126 
255 6 125 589 977 1222 1740 2053 
256 6 36 489 982 1353 1581 2127 
257 6 206 590 971 1354 1741 2128 
258 6 173 591 983 1355 1742 2129 
259 6 207 473 984 1266 1743 2130 
260 6 208 528 985 1303 1744 2071 
261 6 209 592 986 1286 1745 2131 
262 6 194 593 883 1324 1746 1999 
263 6 210 521 914 1263 1607 2132 
264 6 211 594 987 1356 1661 2133 
265 6 143 426 988 1357 1747 2134 
266 6 212 595 989 1317 1695 2135 
267 6 213 596 990 1189 1748 2136 
268 6 214 597 991 1358 1749 1990 
269 6 19 598 909 1282 1750 1923 
270 6 215 599 992 1155 1751 2137 
271 6 216 600 783 1359 1752 2138 
272 6 61 601 830 1360 1753 2010 
273 6 132 602 950 1255 1603 2139 
274 6 217 464 934 1347 1634 2140 
275 6 218 603 840 1199 1754 2102 
276 6 217 471 993 1361 1755 2090 
277 6 219 604 786 1362 1756 2141 
278 6 220 605 994 1165 1593 2072 
279 6 221 423 995 1363 1655 1942 
280 6 222 406 996 1364 1757 2142 
281 6 88 517 997 1365 1758 2143 
282 6 20 605 983 1207 1754 2144 
283 6 130 417 998 1366 1541 2145 
284 6 171 426 999 1367 1759 2107 
285 6 203 606 1000 1266 1755 1970 
286 6 223 607 1001 1368 1760 2026 
287 6 78 394 1002 1274 1761 2146 
288 6 224 478 940 1171 1638 1993 
289 6 104 526 1003 1369 1762 2147 
290 6 225 594 970 1370 1763 2148 
291 6 226 608 856 1371 1579 2029 
292 6 227 552 1004 1324 1764 2149 
293 6 207 609 1005 1372 1765 1995 
294 6 126 435 1006 1373 1606 2150 
295 6 228 610 1007 1374 1766 1990 
296 6 229 611 918 1341 1716 2025 
297 6 122 587 900 1375 1541 2099 
298 6 1 612 780 1376 1745 2151 
299 6 5 475 1008 1377 1767 2152 
300 6 230 578 1009 1378 1692 2151 
301 6 100 613 1010 1379 1699 2153 
302 6 231 488 1011 1236 1768 2066 
303 6 232 614 962 1380 1705 2056 
304 6 233 615 800 1381 1745 2154 
305 6 165 616 1012 1382 1769 2155 
306 6 196 617 1013 1383 1770 2156 
307 6 207 618 779 1384 1771 2157 
308 6 139 619 789 1219 1736 2158 
309 6 234 620 846 1385 1665 2063 
310 6 62 556 799 1304 1772 2154 
311 6 103 621 908 1364 1542 2132 
312 6 235 583 1014 1386 1773 2159 
313 6 236 622 780 1279 1763 2160 
314 6 91 623 1015 1387 1770 2161 
315 6 237 546 820 1388 1774 2162 
316 6 238 624 803 1389 1775 2122 
317 6 239 625 901 1387 1776 2002 
318 6 63 502 1016 1390 1777 2163 
319 6 131 584 1017 1177 1778 2033 
320 6 182 396 850 1316 1744 2164 
321 6 169 626 1018 1391 1696 2152 
322 6 240 627 1019 1392 1771 2153 
323 6 241 430 1020 1393 1680 2165 
324 6 94 628 1021 1394 1779 2166 
325 6 242 465 784 1154 1780 1977 
326 6 243 629 1022 1395 1591 2167 
327 6 244 630 1023 1216 1781 2109 
328 6 245 631 876 1163 1694 1994 
329 6 216 632 991 1239 1782 2071 
330 6 190 462 864 1202 1783 2168 
331 6 80 633 1024 1396 1624 2024 
332 6 40 634 1025 1206 1784 1946 
333 6 35 635 985 1397 1785 1924 
334 6 242 625 809 1353 1537 2169 
335 6 53 636 838 1269 1762 1937 
336 6 67 542 1026 1221 1782 2139 
337 6 246 637 1027 1398 1786 2056 
338 6 247 638 1028 1399 1787 2170 
339 6 248 639 945 1400 1597 2171 
340 6 173 578 803 1401 1788 2140 
341 6 212 454 796 1280 1789 2172 
342 6 249 640 914 1402 1678 1973 
343 6 155 401 1029 1403 1750 1950 
344 6 250 641 892 1404 1723 2106 
345 6 251 456 1002 1186 1790 2025 
346 6 238 482 985 1405 1665 2173 
347 6 205 642 833 1345 1774 2003 
348 6 217 555 926 1183 1791 1964 
349 6 252 490 989 1204 1548 2062 
350 6 253 544 898 1406 1702 2174 
351 6 254 643 868 1182 1619 2175 
352 6 255 644 1030 1225 1695 2166 
353 6 256 476 1031 1264 1677 2176 
354 6 21 636 958 1407 1792 2041 
355 6 257 630 1009 1408 1793 2004 
356 6 258 645 1004 1409 1611 2177 
357 6 259 629 1032 1410 1600 2074 
358 6 260 646 942 1291 1728 2047 
359 6 228 394 837 1319 1679 2178 
360 6 28 593 957 1347 1696 2179 
361 6 218 495 1033 1411 1655 2094 
362 6 261 631 818 1234 1794 2034 
363 6 50 472 817 1412 1795 2180 
364 6 233 595 830 1377 1796 1927 
365 6 31 647 1034 1321 1638 2181 
366 6 49 621 1035 1238 1797 2182 
367 6 262 508 990 1259 1798 1955 
368 6 167 648 900 1413 1683 1981 
369 6 120 584 1036 1307 1799 1966 
370 6 263 614 1009 1414 1691 2104 
371 6 264 649 802 1233 1775 2165 
372 6 265 650 1037 1407 1800 2183 
373 6 24 651 873 1415 1796 2184 
374 6 266 652 1038 1416 1751 1932 
375 6 267 399 1028 1176 1801 2108 
376 6 166 534 1039 1246 1802 2185 
377 6 183 653 1040 1417 1589 1924 
378 6 268 654 1041 1418 1803 2186 
379 6 95 649 860 1419 1605 2163 
380 6 269 655 847 1420 1556 1997 
381 6 118 471 1006 1379 1594 2005 
382 6 270 458 1042 1262 1804 2128 
383 6 66 656 936 1421 1552 2133 
384 6 271 613 1043 1422 1550 2152 
385 6 272 657 777 1423 1805 2187 
386 6 222 571 1044 1287 1731 1951 
387 6 236 658 1045 1412 1552 2188 
388 6 273 659 946 1424 1806 2189 
389 6 274 398 1046 1425 1542 2190 
390 6 275 403 859 1426 1566 1973 
391 6 148 502 1047 1427 1793 2191 
392 6 16 660 961 1428 1807 2192 
393 6 181 661 1011 1309 1679 2171 
394 6 276 452 1001 1286 1808 2118 
395 6 277 662 852 1278 1809 2193 
396 6 278 612 837 1429 1810 2061 
397 6 263 450 958 1430 1811 2175 
398 6 29 663 1048 1293 1812 2194 
399 6 228 664 988 1366 1813 2195 
400 6 279 540 908 1384 1814 2196 
401 6 58 665 1049 1220 1792 2197 
402 6 280 518 1050 1385 1741 2198 
403 6 109 659 1051 1218 1729 2021 
404 6 281 666 910 1404 1620 2116 
405 6 282 665 904 1398 1693 2199 
406 6 283 509 1052 1318 1732 2200 
407 6 284 412 1014 1431 1815 2178 
408 6 166 532 807 1267 1808 2201 
409 6 285 522 1053 1406 1807 2028 
410 6 276 436 1054 1198 1617 2150 
411 6 230 558 1055 1432 1667 2202 
412 6 286 491 907 1153 1703 2187 
413 6 287 667 978 1313 1807 1948 
414 6 288 611 1056 1175 1816 2104 
415 6 110 668 903 1300 1817 2029 
416 6 289 637 1045 1226 1816 1980 
417 6 229 669 847 1433 1818 1979 
418 6 290 501 939 1254 1819 1965 
419 6 220 477 935 1411 1675 2123 
420 6 128 469 1057 1434 1820 2203 
421 6 291 537 1058 1435 1650 2204 
422 6 292 670 1059 1436 1734 2147 
423 6 130 671 1036 1372 1570 2100 
424 6 293 532 776 1437 1718 2205 
425 6 146 672 1043 1438 1653 2206 
426 6 260 413 1060 1439 1821 2179 
427 6 294 442 1061 1388 1612 2207 
428 6 78 673 1044 1256 1809 2208 
429 6 252 674 823 1440 1822 2134 
430 6 258 517 894 1441 1540 2094 
431 6 295 655 1027 1442 1823 2039 
432 6 296 453 947 1443 1824 2209 
433 6 89 504 787 1406 1784 2170 
434 6 210 524 1012 1444 1825 2089 
435 6 269 675 1038 1231 1816 2183 
436 6 159 641 1062 1445 1670 2210 
437 6 297 479 919 1376 1826 2188 
438 6 149 445 1063 1304 1827 2083 
439 6 226 556 1064 1446 1682 2211 
440 6 298 676 844 1447 1543 2206 
441 6 245 563 992 1217 1813 1979 
442 6 191 675 977 1339 1774 2103 
443 6 299 677 1065 1431 1828 2212 
444 6 300 678 1066 1354 1551 2213 
445 6 138 679 800 1384 1613 2054 
446 6 261 499 1067 1448 1829 2214 
447 6 301 680 874 1449 1609 2215 
448 6 270 569 1068 1432 1828 2216 
449 6 158 425 1069 1450 1810 2100 
450 6 151 387 1070 1451 1830 2217 
451 6 132 415 1055 1349 1831 2168 
452 6 302 681 1013 1228 1676 2212 
453 6 303 388 1071 1435 1832 2133 
454 6 94 682 792 1291 1833 1953 
455 6 194 683 1033 1404 1636 1933 
456 6 281 684 854 1374 1547 2145 
457 6 36 552 773 1452 1834 2060 
458 6 290 404 863 1387 1835 2218 
459 6 84 576 1072 1292 1601 2193 
460 6 304 674 1073 1453 1836 2088 
461 6 218 498 1074 1251 1815 2160 
462 6 305 541 843 1339 1664 2219 
463 6 306 409 1075 1368 1739 2220 
464 6 239 685 842 1428 1703 2221 
465 6 201 462 909 1379 1802 2186 
466 6 290 470 968 1160 1837 2222 
467 6 307 513 1054 1436 1838 2223 
468 6 306 648 795 1454 1839 2224 
469 6 308 447 778 1455 1840 1940 
470 6 174 686 858 1221 1581 2096 
471 6 123 480 912 1456 1656 2061 
472 6 309 511 1076 1261 1825 2206 
473 6 274 687 965 1417 1841 2217 
474 6 310 564 1077 1457 1739 2055 
475 6 99 421 1078 1400 1842 2225 
476 6 298 572 1079 1458 1843 2059 
477 6 101 575 1080 1172 1844 2226 
478 6 311 688 772 1459 1700 2208 
479 6 312 549 1053 1415 1845 2227 
480 6 77 425 844 1389 1743 2121 
481 6 251 602 1046 1262 1735 2228 
482 6 174 390 920 1460 1575 2229 
483 6 54 689 1081 1394 1812 2230 
484 6 279 510 1032 1461 1777 2050 
485 6 313 396 1082 1155 1846 2065 
486 6 314 690 769 1462 1591 2164 
487 6 312 603 1008 1256 1847 2002 
488 6 315 685 982 1422 1848 1961 
489 6 316 579 1083 1375 1671 2209 
490 6 179 437 843 1188 1849 1962 
491 6 177 620 904 1224 1616 2231 
492 6 264 527 1057 1459 1850 2232 
493 6 302 645 938 1463 1851 2167 
494 6 317 642 1084 1464 1852 2057 
495 6 214 691 1085 1465 1654 2047 
496 6 163 616 894 1211 1692 2172 
497 6 8 391 924 1466 1853 2009 
498 6 8 684 1086 1467 1852 1966 
499 6 318 631 815 1468 1854 2233 
500 6 319 581 782 1469 1832 2003 
501 6 320 647 1003 1301 1855 2234 
502 6 321 665 1087 1470 1787 2235 
503 6 316 576 1088 1471 1557 2178 
504 6 310 565 1089 1244 1856 1984 
505 6 17 660 939 1472 1857 1999 
506 6 249 405 1029 1391 1606 2236 
507 6 269 692 931 1473 1651 2237 
508 6 208 693 811 1474 1640 2238 
509 6 162 459 1090 1174 1826 2140 
510 6 182 570 1023 1244 1805 2239 
511 6 268 508 1091 1196 1705 2240 
512 6 185 615 1090 1354 1856 2058 
513 6 235 572 874 1361 1858 2241 
514 6 322 539 1092 1276 1602 2022 
515 6 26 694 861 1238 1826 2242 
516 6 223 639 819 1260 1764 1976 
517 6 79 695 1093 1285 1859 2214 
518 6 85 523 1094 1475 1556 2012 
519 6 301 573 792 1467 1860 1983 
520 6 323 696 912 1476 1780 2129 
521 6 89 697 937 1459 1551 2243 
522 6 7 698 1095 1477 1802 2172 
523 6 141 411 834 1252 1861 2244 
524 6 84 507 862 1338 1800 2197 
525 6 73 699 1096 1386 1666 1930 
526 6 96 392 1097 1323 1790 2060 
527 6 108 580 1098 1478 1862 2190 
528 6 292 700 929 1385 1853 2245 
529 6 106 612 1099 1315 1835 2126 
530 6 206 701 930 1190 1689 2246 
531 6 316 642 1100 1479 1863 2247 
532 6 257 457 777 1480 1795 2173 
533 6 196 629 1074 1481 1794 2248 
534 6 324 671 1101 1482 1864 2189 
535 6 18 702 944 1369 1598 2030 
536 6 214 384 1063 1448 1720 2057 
537 6 14 681 1077 1432 1610 2242 
538 6 325 689 1092 1161 1546 2000 
539 6 326 633 996 1483 1760 1930 
540 6 327 703 979 1484 1759 1974 
541 6 225 624 1082 1402 1633 2249 
542 6 198 455 927 1360 1641 2250 
543 6 213 682 1102 1253 1615 2212 
544 6 328 457 1103 1485 1770 2251 
545 6 293 704 771 1403 1596 2252 
546 6 329 604 1036 1160 1612 2239 
547 6 114 664 987 1486 1865 2253 
548 6 330 656 968 1186 1725 2254 
549 6 331 588 887 1421 1577 2255 
550 6 239 705 973 1487 1791 2245 
551 6 159 611 809 1430 1576 2095 
552 6 332 487 836 1363 1866 2151 
553 6 111 626 1010 1411 1827 2213 
554 6 333 706 970 1374 1715 2194 
555 6 325 608 1025 1488 1650 1941 
556 6 23 591 1065 1214 1867 2256 
557 6 234 694 1086 1230 1868 2257 
558 6 254 707 1101 1165 1642 2101 
559 6 332 708 812 1274 1648 2186 
560 6 225 500 932 1457 1642 1967 
561 6 334 662 829 1462 1588 2258 
562 6 107 709 1086 1489 1623 2115 
563 6 335 710 1085 1187 1831 2248 
564 6 39 597 1077 1414 1554 2112 
565 6 112 647 963 1357 1869 2039 
566 6 336 711 1104 1306 1801 2237 
567 6 105 468 1018 1400 1870 2252 
568 6 238 664 999 1350 1871 2086 
569 6 276 712 1105 1163 1872 1985 
570 6 337 431 1063 1368 1746 2035 
571 6 259 410 1106 1414 1713 2218 
572 6 278 391 1035 1308 1854 2222 
573 6 307 473 1089 1337 1873 2259 
574 6 129 582 1090 1329 1754 2070 
575 6 263 393 982 1490 1874 2037 
576 6 83 662 846 1333 1825 1951 
577 6 331 397 1074 1470 1579 1969 
578 6 116 434 987 1479 1537 2158 
579 6 254 713 811 1200 1875 2169 
580 6 70 442 1002 1227 1857 2260 
581 6 57 615 942 1469 1757 2255 
582 6 40 516 1048 1334 1639 2096 
583 6 4 400 778 1254 1876 2182 
584 6 338 696 1072 1397 1798 2125 
585 6 339 445 805 1487 1755 2076 
586 6 340 714 791 1199 1662 2261 
587 6 341 677 1053 1320 1683 2049 
588 6 342 715 1041 1491 1877 2007 
589 6 87 716 919 1357 1617 2262 
590 6 313 545 1038 1390 1864 2180 
591 6 287 575 1068 1290 1765 2059 
592 6 261 717 1107 1273 1844 2205 
593 6 343 718 964 1485 1788 1952 
594 6 71 428 1088 1492 1839 2257 
595 6 45 650 980 1479 1798 1974 
596 6 248 438 859 1310 1600 1925 
597 6 15 680 856 1468 1778 2236 
598 6 184 719 1014 1434 1878 2242 
599 6 344 401 1108 1493 1772 2144 
600 6 342 652 1109 1270 1667 2091 
601 6 277 674 1037 1174 1841 1992 
602 6 345 706 1081 1189 1840 2260 
603 6 346 427 1110 1494 1763 2263 
604 6 326 491 1067 1359 1786 2120 
605 6 91 451 1030 1183 1647 2095 
606 6 41 720 1092 1495 1659 2264 
607 6 154 698 1111 1475 1742 2181 
608 6 223 613 1095 1496 1804 2265 
609 6 347 586 990 1252 1736 2088 
610 6 278 449 1112 1419 1759 1920 
611 6 29 721 1039 1249 1629 2102 
612 6 292 498 1113 1409 1879 2085 
613 6 63 639 816 1170 1628 2266 
614 6 186 722 1114 1192 1669 2246 
615 6 224 694 936 1301 1824 2143 
616 6 32 441 916 1377 1839 2188 
617 6 4 410 1056 1497 1880 1960 
618 6 348 414 1115 1314 1630 1984 
619 6 314 723 953 1178 1819 2238 
620 6 349 724 998 1486 1596 2054 
621 6 118 461 1116 1193 1555 2053 
622 6 339 634 1049 1424 1871 2267 
623 6 87 588 1117 1169 1823 2244 
624 6 299 725 875 1375 1870 2076 
625 6 221 701 967 1309 1582 2112 
626 6 231 418 913 1193 1811 2257 
627 6 107 566 858 1355 1544 2241 
628 6 350 703 940 1498 1877 2264 
629 6 124 659 828 1450 1872 1934 
630 6 320 544 1025 1494 1714 2012 
631 6 199 577 918 1366 1881 1954 
632 6 259 433 1116 1450 1859 1954 
633 6 320 585 872 1351 1618 2264 
634 6 61 627 1102 1499 1850 2103 
635 6 343 523 910 1500 1760 2256 
636 6 46 726 1118 1501 1882 2254 
637 6 310 705 1028 1317 1710 2268 
638 6 53 606 774 1241 1883 2083 
639 6 350 561 1016 1429 1803 1939 
640 6 127 692 1029 1502 1751 2251 
641 6 336 395 833 1372 1728 2269 
642 6 189 727 1104 1246 1829 2126 
643 6 335 530 1100 1451 1864 1928 
644 6 233 492 1015 1498 1595 2270 
645 6 133 676 1119 1352 1830 2081 
646 6 184 728 943 1491 1553 2183 
647 6 108 557 885 1194 1884 2271 
648 6 43 673 1120 1503 1885 2210 
649 6 220 533 1042 1504 1886 2184 
650 6 324 487 825 1497 1865 1994 
651 6 168 729 1121 1505 1806 2272 
652 6 351 446 1122 1477 1644 1964 
653 6 211 666 810 1331 1862 2099 
654 6 81 574 989 1506 1874 2009 
655 6 352 399 1123 1507 1823 1971 
656 6 102 710 1118 1247 1887 2124 
657 6 12 452 785 1396 1731 2273 
658 6 265 719 1005 1310 1626 2191 
659 6 264 719 981 1503 1887 2174 
660 6 119 679 1054 1241 1585 2205 
661 6 353 505 1124 1476 1888 2274 
662 6 283 449 1124 1395 1712 2042 
663 6 124 708 808 1508 1889 2169 
664 6 289 536 853 1505 1880 1944 
665 6 208 451 960 1376 1688 2275 
666 6 318 730 775 1473 1732 1971 
667 6 354 484 1047 1258 1671 2272 
668 6 121 500 1125 1509 1811 2093 
669 6 224 589 1021 1504 1547 2001 
670 6 355 470 954 1476 1890 2273 
671 6 97 731 838 1215 1771 2276 
672 6 356 676 1126 1415 1887 2119 
673 6 304 570 1127 1173 1891 2078 
674 6 311 711 1123 1510 1566 1937 
675 6 13 402 1093 1418 1854 2197 
676 6 350 499 1004 1490 1814 2277 
677 6 349 727 997 1495 1572 2157 
678 6 191 658 807 1511 1892 2203 
679 6 25 732 1023 1228 1893 1969 
680 6 252 407 1108 1335 1654 1982 
681 6 295 733 1083 1440 1748 2189 
682 6 303 582 1079 1397 1609 1943 
683 6 192 651 980 1245 1867 2278 
684 6 250 717 870 1311 1702 1987 
685 6 357 637 880 1323 1894 2139 
686 6 65 607 947 1512 1791 2271 
687 6 354 630 1128 1482 1747 2075 
688 6 331 515 979 1458 1564 2081 
689 6 284 734 888 1513 1834 2279 
690 6 90 717 1005 1403 1895 2050 
691 6 333 735 1078 1156 1896 2165 
692 6 42 736 1078 1381 1897 2280 
693 6 300 466 925 1276 1757 2281 
694 6 244 737 995 1514 1678 2115 
695 6 343 494 1129 1308 1824 1965 
696 6 119 654 974 1493 1827 2247 
697 6 334 535 1130 1408 1783 2216 
698 6 298 596 853 1344 1540 2192 
699 6 358 695 949 1280 1891 2282 
700 6 41 528 976 1236 1898 2283 
701 6 359 600 924 1200 1656 2065 
702 6 16 550 886 1515 1860 2240 
703 6 360 463 911 1510 1899 2135 
704 6 355 496 1098 1469 1756 2266 
705 6 189 738 816 1516 1585 2181 
706 6 270 490 788 1517 1888 2230 
707 6 227 701 1101 1518 1558 2001 
708 6 235 690 855 1287 1788 2135 
709 6 19 422 1117 1271 1548 2260 
710 6 291 463 930 1201 1693 1982 
711 6 37 586 814 1305 1822 2118 
712 6 256 526 799 1396 1844 2231 
713 6 353 521 1131 1212 1900 2013 
714 6 92 561 1051 1268 1582 2017 
715 6 361 739 1120 1467 1901 2223 
716 6 355 646 1020 1482 1738 2163 
717 6 204 645 973 1413 1753 2240 
718 6 86 734 1001 1242 1637 2168 
719 6 216 583 946 1466 1590 2284 
720 6 57 740 817 1455 1900 2268 
721 6 362 408 1040 1313 1838 2162 
722 6 363 431 998 1265 1766 2249 
723 6 272 424 1132 1343 1668 1922 
724 6 38 724 1034 1315 1687 2170 
725 6 77 692 913 1464 1830 2038 
726 6 359 640 1059 1206 1649 2034 
727 6 321 603 1114 1169 1891 2285 
728 6 364 635 1026 1431 1885 2227 
729 6 86 551 1133 1499 1902 2286 
730 6 334 430 1134 1519 1578 1952 
731 6 315 697 1065 1184 1903 2042 
732 6 363 481 1096 1433 1805 2221 
733 6 365 741 976 1489 1730 2176 
734 6 365 686 1093 1420 1877 2287 
735 6 347 720 857 1472 1664 1986 
736 6 317 618 1115 1353 1904 2250 
737 6 314 565 1051 1520 1677 1956 
738 6 266 670 963 1521 1710 1972 
739 6 55 691 1066 1453 1863 2007 
740 6 64 520 839 1345 1758 2202 
741 6 282 742 996 1388 1869 2097 
742 6 258 729 948 1234 1631 2288 
743 6 47 538 1109 1348 1767 2044 
744 6 135 677 1098 1522 1635 2195 
745 6 356 743 975 1365 1761 2024 
746 6 338 423 887 1515 1905 2219 
747 6 113 660 831 1523 1674 1958 
748 6 366 513 1119 1486 1776 2159 
749 6 188 727 921 1216 1898 2210 
750 6 348 724 944 1484 1666 2289 
751 6 282 618 1135 1524 1872 2176 
752 6 98 501 1062 1423 1769 2265 
753 6 34 527 1129 1525 1713 2290 
754 6 11 708 969 1172 1768 2156 
755 6 210 689 1104 1498 1646 2204 
756 6 13 744 855 1370 1857 2136 
757 6 337 690 1091 1505 1885 2023 
758 6 177 519 1105 1394 1749 2037 
759 6 327 563 893 1237 1539 2276 
760 6 308 648 991 1279 1775 2036 
761 6 367 497 1123 1331 1748 2261 
762 6 253 385 1136 1181 1789 2198 
763 6 69 587 1113 1454 1733 2207 
764 6 293 678 1037 1456 1712 2277 
765 6 247 585 1019 1383 1738 2064 
766 6 344 392 1135 1265 1785 2243 
767 6 168 723 950 1526 1906 2275 
768 6 193 745 959 1446 1863 2157 
769 6 185 729 779 1527 1861 2291 
770 6 175 661 795 1478 1821 1996 
771 6 75 460 1056 1328 1856 1926 
772 6 285 604 1055 1429 1697 2117 
773 6 336 567 869 1493 1907 2262 
774 6 368 524 1100 1410 1903 1957 
775 6 18 493 917 1321 1842 2109 
776 6 74 658 1080 1504 1787 2191 
777 6 49 663 1085 1152 1697 2220 
778 6 58 743 1081 1318 1796 1932 
779 6 369 610 1137 1346 1790 2120 
780 6 286 668 1125 1521 1896 1920 
781 6 358 440 1033 1297 1895 2144 
782 6 318 746 845 1251 1598 2292 
783 6 200 640 1021 1517 1848 2229 
784 6 303 747 951 1416 1604 1947 
785 6 273 678 1099 1332 1627 2282 
786 6 156 388 851 1295 1711 2085 
787 6 279 617 1107 1447 1699 2293 
788 6 297 748 798 1513 1590 1978 
789 6 234 598 1043 1430 1658 2294 
790 6 265 398 1040 1285 1652 2258 
791 6 291 466 1097 1524 1737 2148 
792 6 370 705 951 1471 1901 2225 
793 6 172 407 975 1463 1572 2277 
794 6 340 638 1138 1373 1862 2035 
795 6 38 474 1125 1442 1623 2232 
796 6 351 549 956 1344 1549 2164 
797 6 275 749 1112 1408 1801 2070 
798 6 371 559 1109 1154 1769 2051 
799 6 158 555 785 1494 1717 2052 
800 6 230 750 1139 1520 1639 2295 
801 6 178 535 836 1156 1554 2256 
802 6 323 651 1140 1506 1717 2258 
803 6 201 494 1110 1464 1899 2272 
804 6 137 702 1015 1278 1853 2296 
805 6 302 751 1139 1422 1557 2141 
806 6 126 646 1115 1380 1908 2294 
807 6 48 590 1121 1293 1883 2263 
808 6 202 743 966 1297 1657 2288 
809 6 361 669 864 1462 1724 2078 
810 6 262 752 925 1515 1672 2233 
811 6 338 695 782 1281 1851 2134 
812 6 341 422 770 1502 1711 1963 
813 6 348 747 794 1480 1673 2199 
814 6 372 740 902 1257 1909 2297 
815 6 163 704 1066 1527 1651 2289 
816 6 51 553 993 1435 1866 2217 
817 6 332 753 898 1518 1868 2119 
818 6 83 700 1134 1416 1836 2192 
819 6 167 731 849 1284 1645 2155 
820 6 262 476 832 1528 1881 2265 
821 6 193 568 1137 1424 1753 1955 
822 6 236 726 1126 1521 1786 2298 
823 6 247 656 1132 1338 1901 2080 
824 6 257 754 1141 1455 1632 2132 
825 6 328 427 1041 1371 1756 2101 
826 6 42 599 775 1529 1719 2275 
827 6 98 687 1094 1204 1818 2225 
828 6 3 438 889 1398 1589 2148 
829 6 204 669 1142 1364 1707 2299 
830 6 373 489 825 1456 1632 2215 
831 6 339 486 1138 1500 1910 2067 
832 6 197 626 961 1229 1838 2063 
833 6 20 507 1024 1358 1911 2040 
834 6 156 731 1143 1522 1867 2079 
835 6 154 713 1072 1233 1912 1957 
836 6 362 483 849 1519 1913 2179 
837 6 275 720 967 1166 1604 2031 
838 6 15 755 1000 1210 1876 2198 
839 6 157 554 884 1325 1870 2245 
840 6 137 609 1082 1349 1630 2016 
841 6 288 519 983 1235 1831 2158 
842 6 187 619 915 1190 1723 2021 
843 6 367 562 1108 1311 1752 2290 
844 6 374 390 866 1355 1629 2293 
845 6 74 725 1111 1443 1587 2234 
846 6 365 756 827 1453 1813 2267 
847 6 243 675 812 1443 1668 2235 
848 6 362 446 1124 1412 1765 2199 
849 6 47 609 1075 1298 1660 2015 
850 6 375 534 824 1378 1849 2283 
851 6 115 633 880 1508 1727 2282 
852 6 161 736 999 1442 1622 2174 
853 6 376 663 920 1402 1896 1968 
854 6 377 707 1071 1359 1649 2032 
855 6 378 531 1130 1427 1714 2276 
856 6 122 475 1087 1407 1631 2131 
857 6 243 514 993 1530 1672 2177 
858 6 180 628 1107 1382 1614 2300 
859 6 129 601 791 1247 1574 2263 
860 6 199 699 902 1445 1890 2011 
861 6 330 529 862 1509 1643 2213 
862 6 374 590 897 1326 1543 2301 
863 6 103 683 1136 1198 1782 2045 
864 6 93 757 1131 1325 1841 1938 
865 6 72 443 1114 1531 1646 2015 
866 6 301 461 933 1518 1660 1993 
867 6 379 688 801 1488 1879 2296 
868 6 25 542 827 1367 1620 2147 
869 6 256 644 867 1260 1673 1983 
870 6 43 600 903 1195 1845 2077 
871 6 277 387 869 1197 1640 2089 
872 6 313 531 806 1336 1682 1992 
873 6 289 568 962 1524 1762 2201 
874 6 37 758 1141 1517 1895 2064 
875 6 315 525 1144 1427 1878 2161 
876 6 164 569 1106 1531 1539 2062 
877 6 121 478 1011 1294 1789 2209 
878 6 82 592 841 1185 1662 2262 
879 6 267 386 895 1488 1608 2233 
880 6 183 759 1106 1381 1817 1998 
881 6 206 622 1142 1490 1850 2067 
882 6 361 653 1117 1405 1578 2227 
883 6 93 564 835 1213 1545 1995 
884 6 299 672 1145 1239 1707 2111 
885 6 50 456 1050 1205 1909 1942 
886 6 368 574 893 1423 1733 2022 
887 6 346 737 1146 1532 1913 2219 
888 6 149 735 1061 1369 1610 2211 
889 6 222 453 899 1425 1799 2010 
890 6 373 673 1137 1305 1704 2279 
891 6 246 721 841 1312 1855 2200 
892 6 59 710 1146 1167 1907 2073 
893 6 244 722 1139 1509 1735 2216 
894 6 33 668 1143 1392 1905 2202 
895 6 360 704 1075 1533 1897 2241 
896 6 151 760 1059 1283 1573 2259 
897 6 352 634 972 1283 1701 1943 
898 6 324 420 1027 1223 1729 2149 
899 6 117 408 1026 1259 1715 2110 
900 6 327 732 964 1382 1820 2280 
901 6 227 738 952 1386 1914 2255 
902 6 360 416 878 1300 1701 2127 
903 6 232 539 1052 1454 1628 1949 
904 6 286 761 1113 1534 1913 2239 
905 6 164 607 1073 1426 1698 2253 
906 6 187 693 954 1526 1613 2292 
907 6 144 567 1127 1516 1744 2221 
908 6 321 545 771 1436 1599 2302 
909 6 347 548 839 1438 1730 2230 
910 6 255 751 1000 1194 1832 2146 
911 6 71 762 776 1514 1724 1945 
912 6 33 752 1147 1449 1797 2291 
913 6 283 666 922 1445 1871 1929 
914 6 329 619 854 1312 1700 1967 
915 6 323 553 1045 1373 1778 2228 
916 6 380 728 1131 1441 1833 2296 
917 6 267 622 1116 1401 1915 2243 
918 6 30 671 1016 1484 1792 1927 
919 6 271 599 952 1240 1570 2302 
920 6 134 700 994 1425 1869 2111 
921 6 72 754 1099 1273 1848 1972 
922 6 200 687 1121 1179 1587 2294 
923 6 66 732 899 1501 1843 2231 
924 6 326 477 1145 1496 1553 2043 
925 6 176 602 865 1530 1884 2292 
926 6 373 411 905 1299 1676 1926 
927 6 237 560 916 1525 1916 2066 
928 6 266 468 1022 1358 1882 2218 
929 6 304 738 1122 1487 1743 2113 
930 6 146 492 1148 1168 1812 2046 
931 6 133 755 819 1290 1576 2049 
932 6 377 744 850 1528 1627 1968 
933 6 215 763 1142 1448 1641 2291 
934 6 255 385 881 1457 1917 2154 
935 6 111 741 1128 1348 1722 2017 
936 6 241 482 1148 1342 1737 2299 
937 6 345 712 1147 1152 1892 2128 
938 6 250 698 957 1535 1781 2285 
939 6 296 454 1070 1191 1882 2248 
940 6 381 744 1096 1209 1708 2279 
941 6 160 711 1095 1501 1602 2303 
942 6 35 764 802 1289 1784 2159 
943 6 80 759 1057 1523 1860 2226 
944 6 251 525 783 1389 1708 2269 
945 6 374 623 974 1367 1726 2302 
946 6 69 530 822 1361 1704 2244 
947 6 56 493 828 1399 1674 1936 
948 6 9 650 821 1335 1720 2052 
949 6 64 571 1022 1452 1820 2268 
950 6 311 594 848 1439 1742 2058 
951 6 88 756 1087 1224 1837 2184 
952 6 260 620 1084 1275 1780 2006 
953 6 136 721 1149 1533 1652 2274 
954 6 155 512 1064 1529 1875 1931 
955 6 371 520 937 1491 1836 2269 
956 6 346 745 907 1528 1758 1929 
957 6 288 566 1068 1516 1684 2069 
958 6 240 765 890 1248 1681 2150 
959 6 202 766 1111 1203 1829 2193 
960 6 379 512 1019 1330 1868 1998 
961 6 382 546 852 1360 1810 2182 
962 6 296 649 922 1157 1618 2121 
963 6 322 709 1080 1350 1858 2196 
964 6 134 643 992 1527 1837 2297 
965 6 198 465 1034 1182 1866 2293 
966 6 273 389 1094 1284 1847 2143 
967 6 232 762 1024 1332 1906 1931 
968 6 153 516 1069 1535 1772 2298 
969 6 325 592 804 1399 1822 2175 
970 6 383 688 965 1327 1806 2087 
971 6 81 558 845 1531 1616 1953 
972 6 297 742 1105 1532 1884 1958 
973 6 21 421 1150 1492 1879 2043 
974 6 309 616 928 1220 1892 2295 
975 6 153 739 879 1302 1917 2130 
976 6 379 746 941 1296 1645 2194 
977 6 195 693 927 1437 1670 2187 
978 6 359 726 988 1526 1795 2069 
979 6 307 702 994 1420 1865 1986 
980 6 335 547 897 1409 1902 2226 
981 6 294 760 1006 1473 1621 2141 
982 6 363 735 1149 1337 1768 2051 
983 6 120 753 1140 1390 1746 2114 
984 6 60 730 829 1336 1858 2000 
985 6 76 573 1110 1507 1873 2301 
986 6 376 597 1150 1320 1571 2266 
987 6 215 474 917 1258 1916 2220 
988 6 382 713 885 1222 1718 2137 
989 6 178 682 879 1451 1750 2290 
990 6 226 696 1020 1461 1833 2253 
991 6 32 610 1148 1534 1917 1935 
992 6 221 759 1047 1250 1851 1947 
993 6 190 601 1069 1463 1625 2211 
994 6 294 514 956 1529 1624 2160 
995 6 328 763 915 1496 1779 2129 
996 6 48 755 1112 1533 1663 2297 
997 6 44 412 1030 1316 1918 2026 
998 6 253 652 882 1513 1779 2283 
999 6 51 749 871 1264 1741 2018 
1000 6 319 485 1058 1157 1580 2046 
1001 6 138 596 1062 1188 1918 2105 
1002 6 366 515 1052 1444 1575 1939 
1003 6 280 495 882 1229 1595 2117 
1004 6 143 714 842 1449 1898 1936 
1005 6 248 589 814 1333 1648 2124 
1006 6 195 734 1146 1511 1876 2177 
1007 6 145 415 888 1270 1915 2113 
1008 6 97 591 955 1223 1794 2033 
1009 6 322 638 886 1237 1593 2075 
1010 6 308 503 1050 1437 1706 1956 
1011 6 135 752 788 1405 1886 2016 
1012 6 141 560 1031 1433 1894 2004 
1013 6 354 389 928 1495 1727 2146 
1014 6 5 725 822 1485 1852 2224 
1015 6 186 728 813 1392 1914 2201 
1016 6 22 497 1007 1171 1690 2286 
1017 6 10 577 1073 1428 1889 2014 
1018 6 367 715 1017 1421 1567 2173 
1019 6 148 429 857 1295 1694 2080 
1020 6 212 580 1089 1523 1637 2044 
1021 6 341 598 1136 1329 1808 2300 
1022 6 22 767 1091 1213 1819 2156 
1023 6 240 458 972 1508 1859 2203 
1024 6 31 739 926 1520 1828 2208 
1025 6 380 766 986 1483 1893 2155 
1026 6 280 632 959 1195 1914 2235 
1027 6 73 439 826 1268 1675 1922 
1028 6 340 703 1147 1245 1586 2161 
1029 6 358 643 901 1334 1767 2215 
1030 6 140 472 969 1413 1685 2038 
1031 6 370 745 935 1465 1722 1925 
1032 6 170 737 835 1439 1855 2204 
1033 6 165 733 770 1475 1878 1985 
1034 6 180 655 1102 1298 1785 2284 
1035 6 26 761 1132 1352 1919 2020 
1036 6 219 763 793 1507 1902 2123 
1037 6 249 683 941 1292 1903 2254 
1038 6 30 686 1127 1166 1776 2018 
1039 6 128 614 966 1263 1721 2238 
1040 6 368 699 1064 1340 1897 2110 
1041 6 353 605 1012 1393 1681 1980 
1042 6 144 628 889 1444 1599 2298 
1043 6 219 443 1103 1471 1846 2098 
1044 6 364 748 1138 1303 1562 2127 
1045 6 371 460 1088 1212 1910 2246 
1046 6 211 623 1084 1378 1621 2284 
1047 6 241 767 1149 1410 1904 2171 
1048 6 109 709 933 1417 1911 2073 
1049 6 136 742 1119 1426 1800 2287 
1050 6 383 469 971 1525 1586 2030 
1051 6 309 758 1140 1205 1659 2195 
1052 6 209 657 876 1179 1690 1921 
1053 6 375 767 821 1227 1817 2027 
1054 6 333 617 1008 1322 1752 1946 
1055 6 383 536 978 1465 1797 2086 
1056 6 369 540 891 1240 1894 2079 
1057 6 95 621 871 1535 1873 2274 
1058 6 357 679 1118 1530 1905 2237 
1059 6 231 670 818 1210 1721 2281 
1060 6 147 762 1122 1326 1908 2303 
1061 6 192 661 1031 1419 1911 2249 
1062 6 106 741 1130 1209 1574 2084 
1063 6 213 667 981 1489 1716 2145 
1064 6 157 538 960 1362 1893 2190 
1065 6 27 593 1003 1363 1886 2207 
1066 6 85 723 1150 1362 1900 2028 
1067 6 285 730 929 1478 1622 2273 
1068 6 44 624 873 1447 1818 1976 
1069 6 90 681 997 1393 1915 2130 
1070 6 274 754 872 1440 1766 1960 
1071 6 205 606 867 1458 1661 2232 
1072 6 295 750 923 1418 1909 2281 
1073 6 139 562 984 1474 1764 2270 
1074 6 345 657 826 1481 1747 2289 
1075 6 99 518 896 1395 1910 2040 
1076 6 329 746 1145 1294 1709 2278 
1077 6 381 750 1058 1391 1918 2142 
1078 6 317 635 896 1534 1814 2278 
1079 6 179 761 1060 1474 1689 1961 
1080 6 140 627 840 1460 1861 2228 
1081 6 172 414 863 1159 1734 2185 
1082 6 246 747 1032 1483 1783 2271 
1083 6 79 511 848 1299 1564 2301 
1084 6 6 756 1079 1492 1740 2149 
1085 6 115 625 1128 1275 1536 2162 
1086 6 268 764 1135 1370 1644 2131 
1087 6 366 644 1076 1162 1821 2222 
1088 6 68 653 932 1343 1777 2116 
1089 6 352 765 823 1340 1874 2082 
1090 6 197 481 905 1499 1749 2300 
1091 6 9 444 986 1306 1565 1945 
1092 6 375 397 1018 1502 1773 1996 
1093 6 377 716 772 1512 1781 2288 
1094 6 105 541 934 1522 1875 2167 
1095 6 287 757 781 1178 1793 1935 
1096 6 229 654 1134 1434 1568 2055 
1097 6 378 509 1141 1380 1804 2105 
1098 6 52 533 1007 1235 1847 2200 
1099 6 142 672 1133 1481 1919 2006 
1100 6 209 384 892 1197 1849 1978 
1101 6 188 691 1017 1261 1908 2122 
1102 6 344 714 794 1230 1538 2125 
1103 6 272 680 1039 1466 1904 2286 
1104 6 203 551 1151 1253 1834 2072 
1105 6 96 751 865 1480 1919 1991 
1106 6 23 736 813 1346 1691 2087 
1107 6 281 758 801 1519 1560 2223 
1108 6 12 433 1126 1441 1889 2138 
1109 6 305 685 1120 1257 1538 2250 
1110 6 351 757 796 1356 1846 2303 
1111 6 370 485 1133 1497 1698 2084 
1112 6 306 579 995 1158 1912 2280 
1113 6 17 712 790 1330 1615 2008 
1114 6 364 718 1060 1383 1761 2295 
1115 6 56 766 949 1506 1880 1950 
1116 6 378 718 1070 1217 1835 2138 
1117 6 62 715 931 1460 1726 2142 
1118 6 242 706 1143 1470 1799 1944 
1119 6 372 722 804 1289 1740 2252 
1120 6 376 581 890 1401 1883 2185 
1121 6 237 432 815 1351 1719 2107 
1122 6 349 557 1144 1452 1635 2267 
1123 6 357 559 1144 1288 1601 2214 
1124 6 112 554 1049 1164 1907 2196 
1125 6 52 733 1013 1500 1706 2180 
1126 6 92 764 1044 1468 1605 2261 
1127 6 65 749 1061 1271 1569 2299 
1128 6 330 595 877 1267 1845 2106 
1129 6 380 636 1103 1532 1888 2270 
1130 6 305 707 921 1511 1809 2236 
1131 6 337 416 789 1446 1890 2137 
1132 6 312 697 1151 1250 1584 1997 
1133 6 319 760 906 1319 1803 2287 
1134 6 152 496 1071 1477 1881 2251 
1135 6 170 632 875 1328 1912 2011 
1136 6 175 684 984 1272 1597 2247 
1137 6 342 753 1076 1503 1906 2285 
1138 6 369 748 1083 1472 1773 2074 
1139 6 145 716 1035 1180 1840 2259 
1140 6 125 505 1097 1512 1815 2234 
1141 6 117 486 938 1307 1588 1991 
1142 6 356 765 1048 1461 1561 2097 
1143 6 127 608 793 1438 1899 2114 
1144 6 284 543 1067 1510 1843 2153 
1145 6 382 740 797 1371 1546 2229 
1146 6 372 667 1046 1314 1686 2082 
1147 6 381 503 1129 1365 1842 2098 
1148 6 300 543 831 1356 1634 2166 
1149 6 271 641 1151 1342 1916 2093 
1150 6 245 432 1010 1514 1633 2224 
1151 6 104 447 1042 1341 1663 2136 
